2 0.09685963157456032 0.04134366925064599 0.17909894140201718 0.020671834625322995
2 0.47059160623489205 0.07170542635658915 0.9265628907226806 0.024547803617571064
2 0.4458632485461677 0.17348063309257747 0.8767534775516058 0.02352279770746815
2 0.5124100020605211 0.20170799034153922 0.5440197099798388 0.023522797707468113
2 0.12311149400155376 0.2572805999254327 0.23291363730023684 0.02058244799403461
2 0.027866453034135485 0.2840377823176777 0.042423555365400295 0.0188182381659745
2 0.2953012187199431 0.2846258522603644 0.0948291237579535 0.017642098280601103
2 0.2566209182397252 0.3951830014854646 0.49660514810086215 0.018818238165974534
2 0.29613305313887256 0.42341035873442634 0.5822840932505922 0.011761398853734022
2 0.6479990123460161 0.477512793461603 0.3127697415174609 0.016465958395227673
2 0.7973132905438465 0.49721313654160754 0.20213576379984843 0.01705402833791446
2 0.3506182075787494 0.5304390883034062 0.6496626811838749 0.017642098280601176
2 0.23291363730023684 0.5571962706956514 0.18466724100233062 0.01470174856716767
2 0.2233475414825485 0.615415195021635 0.19215375077269542 0.015877888452540886
2 0.2532935805640076 0.6409962375285064 0.4600044336679678 0.018818238165974322
2 0.7815084365841876 0.638937992729103 0.21710878334057782 0.01587788845254096
2 0.7644558309961345 0.6595204407231379 0.15804853959658943 0.013525608681794239
2 0.5365332002094741 0.6950986722556833 0.7004045807385694 0.019994378051347895
2 0.2911420466252961 0.8024084992572676 0.19797659170520138 0.023522797707468186
2 0.031193790709853148 0.8385748007324998 0.04242355536540028 0.02175858787940811
2 0.2362409749759545 0.9458975652728232 0.452517923897603 0.019994378051347895
1 0.09358137212955946 0.7306639662494899 0.18050806890768356 0.14701748567167583
0 0.11396131539333015 0.014995783538510934 0.20463126705663665 0.015877888452540987
0 0.25578908382079574 0.04116489598806922 0.11562498423118898 0.0329319167904554
0 0.17302155913731881 0.12790521253435794 0.3327337675717669 0.0558666445552368
2 0.8700988022001706 0.09703154054330604 0.1830035721644717 0.018818238165974516
1 0.11229764655547132 0.21464552908064669 0.19464925402948363 0.0458694555295628
0 0.3027877284903078 0.2531641103266256 0.12144782516369475 0.031167706962395188
0 0.14640285773157743 0.29668128608544175 0.16636688378588346 0.05469050466986339
0 0.52114426345928 0.2934469014006649 0.14889836098836576 0.05645471449792353
0 0.395537266200938 0.2840377823176777 0.07569693212257697 0.02469893759284151
0 0.2333295545097015 0.35078372081261855 0.4516860894786735 0.05586664455523697
0 0.61389380116991 0.3922426517720311 0.18799457867804834 0.032931916790455415
0 0.11604090144065372 0.4486973662699546 0.21544511450271908 0.023522797707468113
0 0.17551706239410705 0.47516051369085616 0.32940642989604924 0.025875077478214978
0 0.27658494429403124 0.5022117310544445 0.09898829585260067 0.022346657822094683
0 0.41550129225524396 0.4913324371147405 0.13725267912335382 0.02175858787940797
0 0.0869266967781241 0.5557260958389345 0.09399728933902414 0.024698937592841544
0 0.21502919729325434 0.5839534530878963 0.3934576801536144 0.032931916790455415
0 0.08443119352133585 0.612180810336858 0.07070592560900046 0.019994378051347822
0 0.5806204244127333 0.6392320277004464 0.17967623448875408 0.03646033644657564
0 0.910858688727712 0.6612846505511976 0.11312948097440084 0.02175858787940811
0 0.29280571546315487 0.7280305890461386 0.211285942408072 0.028227357248961624
0 0.3410521117610611 0.7633147856073407 0.11645681865011845 0.03763647633194893
0 0.602664036514363 0.7318530436736023 0.30361956290923736 0.03469612661851542
0 0.5436037927703743 0.7721358347476414 0.1788444000698248 0.036460336446575495
0 0.5473470476555566 0.8124186258216802 0.2911420466252961 0.04645752547224938
0 0.18549907542126007 0.8403519480992989 0.2528776633545429 0.044693315644189366
0 0.14681877494104215 0.8838691238581149 0.28032819917921364 0.03998875610269579
0 0.22293162427308386 0.9191533204193172 0.43421756668115585 0.02705121736358862
0 0.5802045072032685 0.9432641880694719 0.2154451145027191 0.03763647633194893
