2 0.05157373397362397 0.023228762736124807 0.09815646143367125 0.029991567077021865
0 0.20754268752288973 0.025581042506871623 0.21211777682700145 0.041752965930755934
1 0.15388936750194232 0.11967223333674415 0.2878147089495784 0.1429009960728689
2 0.2636915108006253 0.2152335990233334 0.5140736708983799 0.02469893759284151
2 0.2815759508076077 0.24169674644423503 0.5465152132366271 0.018818238165974464
0 0.13808451354228327 0.26698375397976326 0.2595323387059782 0.0270512173635883
2 0.10855439167028896 0.29374093637200827 0.20379943263770722 0.01587788845254103
2 0.2853192056927902 0.28697813203111106 0.13974818238014206 0.0329319167904552
2 0.14058001679907153 0.3225563635636567 0.2794963647602842 0.021758587879408077
0 0.48287988018852684 0.31549952425141625 0.3818119982886026 0.03234384684776861
2 0.11229764655547132 0.3522538956693353 0.21128594240807197 0.02705121736358841
0 0.31443341035531974 0.3522538956693351 0.18300357216447177 0.036460336446575564
2 0.5411082895135858 0.35078372081261855 0.25870050428704877 0.031167706962395358
2 0.17884440006982472 0.38224546274635707 0.3443794494367788 0.023522797707468186
1 0.07403326328471813 0.443992806728461 0.13142983819084791 0.075272952663898
2 0.21253369403646613 0.47839489837563304 0.13725267912335387 0.02999156707702184
2 0.06488308467649455 0.4995654163123544 0.11812048748797725 0.03116770696239527
2 0.4521020066881383 0.41988193907830607 0.31193790709853153 0.023522797707468113
2 0.48662313507370913 0.4466391214705511 0.3793164950318143 0.02175858787940797
0 0.70664333888054 0.4119429948520354 0.17718073123196615 0.041752965930755635
0 0.7328461230768167 0.44781526135592453 0.10647480562296537 0.024110867650154688
0 0.509914498803733 0.4810412131177231 0.42922656016757943 0.03763647633194885
2 0.19506517123894834 0.5304390883034062 0.376820991775026 0.021170517936721252
0 0.5594086467300332 0.5298510183607196 0.3285745954771199 0.024698937592841474
0 0.1934015024010895 0.5695457394920721 0.3751573229371672 0.05351436478449003
2 0.1742693107657129 0.6118867753655147 0.34188394617999046 0.02528700753552826
1 0.09898829585260066 0.6686355248347817 0.18633090984018946 0.08585821163225874
2 0.35269779362607295 0.6474650068980603 0.321088085706755 0.019994378051347964
2 0.2117018596175367 0.670693769634185 0.0357688800139649 0.01940630810866111
0 0.6754495481706868 0.6445246571846268 0.3094424038417432 0.036460336446575425
0 0.3676708131668025 0.6845134132873225 0.2645233452195547 0.04822173530030966
2 0.08859036561598295 0.7300888338455419 0.1738533935562482 0.027639287306274837
0 0.3847234187548554 0.7242081344186699 0.40510336201862607 0.029991567077020914
0 0.10772255725135955 0.7624326806933097 0.1854990754212601 0.03704840638926169
0 0.09524504096741829 0.7953645974837662 0.15888037401551872 0.02528700753552826
0 0.3693344820046613 0.7641968905213709 0.16303954611016583 0.04292910581612944
0 0.1397481823801421 0.8197695001052643 0.2595323387059782 0.018818238165974464
0 0.0910858688727712 0.8391758082139253 0.16719871820481289 0.017642098280601176
0 0.24455931916524867 0.8638747458067667 0.4808002941412032 0.04116489598806883
2 0.03244154233824728 0.9023803895140071 0.04824639629790621 0.025875077478214905
0 0.16678280099534817 0.901498284599977 0.15721670517765993 0.02646314742090169
0 0.21003819077967786 0.9403109008172996 0.24206381590846043 0.04292910581612944
