2 0.19926314433141074 0.018282387504329246 0.33768258047002425 0.026885863976954763
2 0.13423643120035875 0.04328624100289721 0.24413537912359864 0.01989553934294655
2 0.04373141526357295 0.06425721490492188 0.07225190347894661 0.018820104783868342
0 0.16047528035850267 0.06613922538330876 0.1368983434337937 0.02365956029972023
2 0.3938445571292582 0.06829009450146514 0.28900761391578655 0.023659560299720207
0 0.2793823310915586 0.0930250893602635 0.20002369068382075 0.021508691181563833
0 0.26835440898161406 0.11991095333721827 0.18557330998803132 0.021508691181563844
0 0.2592278527526945 0.15109855555048582 0.1627569194157324 0.027961298536032977
0 0.08746283052714593 0.17422039857066685 0.1551514558916328 0.02473499485879838
2 0.15743309494886265 0.20110626254762168 0.23729046195190892 0.017206952945251038
0 0.36456352256147456 0.2011062625476217 0.16047528035850256 0.02150869118156379
0 0.27900205791535354 0.23552016843812382 0.18557330998803137 0.026885863976954773
0 0.07339272300756158 0.23417587523927608 0.13157451896692385 0.03064988493372848
0 0.1536303631868129 0.26697662929116084 0.2418537400663688 0.03064988493372841
0 0.08860365005576089 0.3161777603689881 0.15134872412958297 0.03118760221326756
0 0.18253112457839143 0.3581197081730378 0.30421854096398576 0.029036733095111424
0 0.022436117396093955 0.383392420311375 0.03878786397290819 0.02043325662248563
2 0.2426142864187787 0.38419899623068376 0.3118240044880855 0.018820104783868245
0 0.4660964606082048 0.38393013759091416 0.11256086015667485 0.023659560299720325
0 0.16884129023501213 0.425065509475655 0.33159820965074455 0.0435550996426668
0 0.25031101550516754 0.4810741413124471 0.5006220310103351 0.05009911893465755
2 0.10168885004897434 0.5178351831281373 0.20153717792511652 0.020820413063753804
2 0.7578350046636231 0.06636506664071516 0.42055931649213824 0.02602551632969221
2 0.08190323669102907 0.09108930715392276 0.1564443846907297 0.01951913724726915
0 0.364423390220756 0.526040748813903 0.27239728157915133 0.050099118934656496
0 0.5972494450840211 0.542957334428204 0.1711685620733867 0.08523356597974213
0 0.7408101745649259 0.5426320154740828 0.09018558646877367 0.05465358429235365
2 0.04003135725909848 0.6132262285183729 0.06901958148120428 0.020169775155511473
2 0.13297772698712026 0.6903268206450861 0.2530717987644157 0.019519137247269214
2 0.14862216545619325 0.76482486113883 0.2862011978753938 0.020169775155511473
2 0.20153717792511652 0.7963807996885819 0.38650965629474404 0.022121688880238397
2 0.21488096367814935 0.8373709879078468 0.41319722780080975 0.02342296469672305
2 0.2604338874557442 0.8776800732504465 0.5024625531831672 0.020820413063753734
2 0.1559842541475216 0.9033802706260172 0.29356328656672204 0.021471050971996385
2 0.14402086002411293 0.9297311059098309 0.2769985870112332 0.020820413063753877
0 0.37500639271454334 0.9056575033048656 0.10214898059218229 0.019519137247269072
0 0.35522077935659796 0.9346108902216479 0.11963394123408748 0.03318253332035695
0 0.2604338874557442 0.9710466130832174 0.5135056862201599 0.04099018821926506
0 0.521788035997904 0.802856713802581 0.23190579377684628 0.03773699867805403
0 0.5742429179236197 0.8448228588842102 0.2815998924433136 0.03968891240278069
0 0.4946403339486308 0.7644690772162853 0.39295148389965645 0.024724240513207575
0 0.3087475944925872 0.6893203988142992 0.07270062582686855 0.021471050971996135
2 0.37408613162812726 0.6912723125390261 0.045092793234386835 0.018868499339026953
0 0.4564494988623644 0.6876938040436933 0.09018558646877352 0.01561530979781537
0 0.20521822227078068 0.726081440629989 0.3920312228132402 0.041640826127507594
0 0.22914501051759828 0.6229857971420075 0.288961981134642 0.04879784311817282
0 0.49648085612146287 0.6246123919126134 0.21994239965343765 0.04944848102641522
0 0.7463317410834219 0.6216845213255227 0.2687162372334877 0.04229146403574977
0 0.09432676135764584 0.6623493905906669 0.18497247836962746 0.026025516329691967
