2 0.12004702396104318 0.01731998111741018 0.2278443515995309 0.02597997167611527
0 0.47161330841838395 0.02208297592469799 0.41403973570237357 0.033773963178949866
0 0.11882205432878762 0.0532589419360363 0.23029429086404196 0.03723795940243186
0 0.2823555002349026 0.04936194618461902 0.05757357271601051 0.015587983005669173
0 0.052061209370860555 0.09915689189717326 0.0894227831546546 0.018185980173280693
1 0.1580210825609651 0.20870577246479258 0.2768431368897528 0.18878779417977093
1 0.10657235800623222 0.3736785926081246 0.20334495895442006 0.12556986310122378
0 0.36259101114764064 0.144621842330375 0.10289744910946559 0.019051979229151216
0 0.37422822265406824 0.17839580550932485 0.12862181138683199 0.017319981117410208
2 0.20334495895442006 0.4585465000834345 0.30134252953486346 0.023381974508503732
1 0.13168423546747082 0.5191664339943701 0.25846859240591946 0.08573390653118039
2 0.11147223653525437 0.5672293815951835 0.17884556630930923 0.019051979229151143
0 0.14760884068679286 0.6083643367490325 0.2413190175543419 0.05282594240810119
0 0.25969356203817523 0.6577262829336518 0.507137427753795 0.032041965067208765
2 0.6706708736599094 0.6564272843498458 0.2707182887284749 0.01905197922915121
0 0.03674908896766627 0.6932322442243424 0.05879854234826604 0.0303099669554679
2 0.25969356203817495 0.6945312428081484 0.33319173997350743 0.019051979229151177
0 0.06308593606116043 0.7430271899368972 0.11147223653525437 0.04156795468178542
0 0.20028253487378123 0.7412951918251557 0.10902229727074329 0.038103958458302285
0 0.18803283855122577 0.7951912232866251 0.20211998932216446 0.03723795940243177
0 0.19354520189637575 0.8406561737198266 0.2204945338059977 0.038103958458302604
2 0.09003526797078237 0.903008105742503 0.17272071814803147 0.019051979229151073
0 0.30256749916711895 0.9051731033821794 0.23764410865757524 0.03723795940243199
0 0.21620714009310327 0.9549680490947337 0.0845229046256324 0.0259799716761151
2 0.30011755990260797 0.9549680490947337 0.04899878529022171 0.017319981117410066
