0 0.0012129336167193046 0.0017149802562507837 0.8551181997871096 0.0017149802562507837 0.8551181997871096 0.06173928922502821 0.0012129336167193046 0.06173928922502821
0 0.002425867233438609 0.06259677935315361 0.5397554594400903 0.06259677935315361 0.5397554594400903 0.11318864375854652 0.002425867233438609 0.11318864375854652
1 0.4402949028691075 0.11318862097825858 0.7204825683312669 0.11318862097825858 0.7204825683312669 0.24009714475395794 0.4402949028691075 0.24009714475395794
0 0.002425867233438609 0.12090610806568025 0.266845395678247 0.12090610806568025 0.266845395678247 0.1586356737031975 0.002425867233438609 0.1586356737031975
0 0.004851734466877218 0.1612081440875737 0.27169713014512425 0.1612081440875737 0.27169713014512425 0.19636523934071476 0.004851734466877218 0.19636523934071476
0 1.0234363897539639e-17 0.1937927233957627 0.39541635905049327 0.1937927233957627 0.39541635905049327 0.2538170627382573 1.0234363897539639e-17 0.2538170627382573
2 0.004851734466877218 0.25810452856574295 0.5349037249732135 0.25810452856574295 0.5349037249732135 0.2855441443248917 0.004851734466877218 0.2855441443248917
0 0.004851728174828556 0.2872591549548597 0.38449995020797084 0.2872591549548597 0.38449995020797084 0.3207013079188965 0.004851728174828556 0.3207013079188965
0 0.17708829545692142 0.3172713094392478 0.8090285722140835 0.3172713094392478 0.8090285722140835 0.35242840469238884 0.17708829545692142 0.35242840469238884
1 0.5397554594400905 0.3532859327876615 0.8454147308533554 0.3532859327876615 0.8454147308533554 0.4681896099564641 0.5397554594400905 0.4681896099564641
0 0.0036387819740119043 0.360145785471801 0.3541765594535989 0.360145785471801 0.3541765594535989 0.40645032073143583 0.0036387819740119043 0.40645032073143583
0 0.009703468933754436 0.4098802812439374 0.5082191854053886 0.4098802812439374 0.5082191854053886 0.4613296889314609 0.009703468933754436 0.4613296889314609
2 0.012129336167193045 0.47419204085334177 0.06913721615300036 0.47419204085334177 0.06913721615300036 0.4999167446971034 0.012129336167193045 0.4999167446971034
0 0.07277601700315826 0.4793369816220941 0.1091640255047374 0.4793369816220941 0.1091640255047374 0.505061685465856 0.07277601700315826 0.505061685465856
2 0.1128028263548953 0.4819094520064702 0.1370614986892814 0.4819094520064702 0.1370614986892814 0.4999167446971034 0.1128028263548953 0.4999167446971034
0 0.14070029953943933 0.4793369816220941 0.179514175274457 0.4793369816220941 0.179514175274457 0.5059191755939811 0.14070029953943933 0.5059191755939811
2 0.1843658782810909 0.47333450516464043 0.47183108881512803 0.47333450516464043 0.47183108881512803 0.5042040966231495 0.1843658782810909 0.5042040966231495
0 0.008490535317035131 0.507634155850232 0.19649524590852732 0.507634155850232 0.19649524590852732 0.5385038004627462 0.008490535317035131 0.5385038004627462
0 0.01091640255047374 0.5410762708471224 0.1613201710236675 0.5410762708471224 0.1613201710236675 0.5676584648190094 0.01091640255047374 0.5676584648190094
0 0.009703468933754436 0.5702309352033856 0.2619936612113698 0.5702309352033856 0.2619936612113698 0.599385599559649 0.009703468933754436 0.599385599559649
2 0.0036388008501579126 0.6036730502002758 0.1698107063407026 0.6036730502002758 0.1698107063407026 0.63454269481279 0.0036388008501579126 0.63454269481279
2 0.21105044930915898 0.6045305403284014 0.3638800850157914 0.6045305403284014 0.3638800850157914 0.6354001849409155 0.21105044930915898 0.6354001849409155
0 0.17102363995742192 0.6028155600721506 0.20862458207572035 0.6028155600721506 0.20862458207572035 0.6319702244284139 0.17102363995742192 0.6319702244284139
2 0.007277601700315825 0.641402615837793 0.06671134891956175 0.641402615837793 0.06671134891956175 0.6636973591690531 0.007277601700315825 0.6636973591690531
0 0.07520188423659688 0.6422601059659185 0.18436590974133432 0.6422601059659185 0.18436590974133432 0.6739872407065581 0.07520188423659688 0.6739872407065581
2 0.0036388008501579134 0.6808472300724248 0.31051100588014185 0.6808472300724248 0.31051100588014185 0.7091443359596991 0.0036388008501579134 0.7091443359596991
0 0.3165756739637385 0.6817046518596865 0.41239742968456344 0.6817046518596865 0.41239742968456344 0.71085931621595 0.3165756739637385 0.71085931621595
0 0.42573969946847584 0.6817046518596865 0.7035014976971966 0.6817046518596865 0.7035014976971966 0.7134317866003261 0.42573969946847584 0.7134317866003261
1 0.0060646680835965226 0.7110258268217429 0.5324778577397745 0.7110258268217429 0.5324778577397745 0.8387918559124261 0.0060646680835965226 0.8387918559124261
2 0.008490535317035131 0.844794286809304 0.06428548168612314 0.844794286809304 0.06428548168612314 0.8722339709093166 0.008490535317035131 0.8722339709093166
1 0.07398895061987758 0.8482242473218055 0.17951417527445704 0.8482242473218055 0.17951417527445704 0.8773789116780689 0.07398895061987758 0.8773789116780689
1 0.004851734466877218 0.8773789116780689 0.30444633779654545 0.8773789116780689 0.30444633779654545 0.9922825888468714 0.004851734466877218 0.9922825888468714
1 0.38813875735017744 0.8679465202686898 0.673178157279214 0.8679465202686898 0.673178157279214 0.9957125493593731 0.38813875735017744 0.9957125493593731
