2 0.004017721312021024 0.005680700600805097 0.9381379263569091 0.005680700600805097 0.9381379263569091 0.03763464148033376 0.004017721312021024 0.03763464148033376
0 0.00502215164002628 0.03905481663053503 0.16573100412086722 0.03905481663053503 0.16573100412086722 0.10722322384019618 0.00502215164002628 0.10722322384019618
0 0.004017721312021018 0.14343769017032845 0.5835740205710527 0.14343769017032845 0.5835740205710527 0.17355004379057118 0.004017721312021018 0.17355004379057118
0 0.29731137708955574 0.18462276952616563 0.46806453285044924 0.18462276952616563 0.46806453285044924 0.22793811160730448 0.29731137708955574 0.22793811160730448
1 0.004017721312021024 0.18107233165066242 0.2711961885614191 0.18107233165066242 0.2711961885614191 0.26699288422100786 0.004017721312021024 0.26699288422100786
0 0.006026581968031536 0.27196352868730633 0.5012107336746228 0.27196352868730633 0.5012107336746228 0.32806045969649433 0.006026581968031536 0.32806045969649433
0 0.005022146429580749 0.33161091014823507 0.5825717577883766 0.33161091014823507 0.5825717577883766 0.4310236108306414 0.005022146429580749 0.4310236108306414
0 0.004017721312021024 0.4345735959615898 0.30836011069761354 0.4345735959615898 0.30836011069761354 0.5041621783214523 0.004017721312021024 0.5041621783214523
0 0.47308668449047553 0.6333981169897681 0.7231898361637844 0.6333981169897681 0.7231898361637844 0.6731630211954038 0.47308668449047553 0.6731630211954038
0 0.793499959124152 0.6731630211954038 0.9240759017648356 0.6731630211954038 0.9240759017648356 0.7377809905295618 0.793499959124152 0.7377809905295618
2 0.6960702173076424 0.6823941596717121 0.7844600861721047 0.6823941596717121 0.7844600861721047 0.7115077502508382 0.6960702173076424 0.7115077502508382
2 0.46505124186643354 0.5474775204025911 0.8025398320761995 0.5474775204025911 0.8025398320761995 0.588662599758428 0.46505124186643354 0.588662599758428
2 0.8155973846567037 0.556708658878899 0.9039873056256216 0.556708658878899 0.9039873056256216 0.5957634755094341 0.8155973846567037 0.5957634755094341
2 0.006026581968031536 0.5105529664973579 0.36963036070593414 0.5105529664973579 0.36963036070593414 0.5496077831278929 0.006026581968031536 0.5496077831278929
2 0.009039852110265301 0.5616792656164848 0.034150610310396706 0.5616792656164848 0.034150610310396706 0.5815617177193027 0.009039852110265301 0.5815617177193027
1 0.039172782792204985 0.5503178707029937 0.2229835328171668 0.5503178707029937 0.2229835328171668 0.6071248767110445 0.039172782792204985 0.6071248767110445
1 0.28224492216947694 0.5815617240074217 0.411816434482155 0.5815617240074217 0.411816434482155 0.622036715788158 0.28224492216947694 0.622036715788158
0 0.2822449482217044 0.5638095472061433 0.3294531736379514 0.5638095472061433 0.3294531736379514 0.5808516490085587 0.2822449482217044 0.5808516490085587
2 0.2561297336413403 0.5623893594797045 0.28124049184147165 0.5623893594797045 0.28124049184147165 0.5801415488572204 0.2561297336413403 0.5801415488572204
2 0.001004399065332263 0.6099652332995658 0.21695691958646252 0.6099652332995658 0.21695691958646252 0.6397888674369604 0.001004399065332263 0.6397888674369604
1 0.009039872952047303 0.6404989927407745 0.1717575860888988 0.6404989927407745 0.1717575860888988 0.682394159671712 0.009039872952047303 0.682394159671712
0 0.2742094691245437 0.6277173660840111 0.33146216455509947 0.6277173660840111 0.33146216455509947 0.644049179091525 0.2742094691245437 0.644049179091525
1 0.28626262263971597 0.6646419325654834 0.43391388085648863 0.6646419325654834 0.43391388085648863 0.7107976249470248 0.28626262263971597 0.7107976249470248
1 0.2571340389186537 0.715768231684609 0.4841353607836329 0.715768231684609 0.4841353607836329 0.8741177923726459 0.2571340389186537 0.8741177923726459
1 0.016070885248084095 0.6965959111737249 0.19084176232099864 0.6965959111737249 0.19084176232099864 0.7612138805078829 0.016070885248084095 0.7612138805078829
0 0.009039883372938292 0.7647643435358611 0.22700126455007888 0.7647643435358611 0.22700126455007888 0.805239297587885 0.009039883372938292 0.805239297587885
0 0.01004430328005256 0.8087897480396254 0.2390544180652509 0.8087897480396254 0.2390544180652509 0.8542353528460663 0.01004430328005256 0.8542353528460663
0 0.008035442624042047 0.8570757031464687 0.23604112708123517 0.8570757031464687 0.23604112708123517 0.9011011328027084 0.008035442624042047 0.9011011328027084
0 0.0502215164002628 0.9034280897863134 0.2099259385530985 0.9034280897863134 0.2099259385530985 0.951003957318056 0.0502215164002628 0.951003957318056
0 0.5209792527790397 0.17557104845350857 0.9205438447987129 0.17557104845350857 0.9205438447987129 0.22707190554871956 0.5209792527790397 0.22707190554871956
0 0.5220829994671957 0.22160966579247815 0.8510063376491356 0.22160966579247815 0.8510063376491356 0.28169391614997585 0.5220829994671957 0.28169391614997585
