2 0.0026124724052415784 0.0018469018144239208 0.030043432660278147 0.0018469018144239208 0.030043432660278147 0.01939246905145117 0.0026124724052415784 0.01939246905145117
1 0.0032655905065519662 0.01939250993914747 0.16066705292235672 0.01939250993914747 0.16066705292235672 0.08403403255628823 0.0032655905065519662 0.08403403255628823
0 0.18548555093622837 0.00046166412206151745 0.5198820188071472 0.00046166412206151745 0.5198820188071472 0.025394891770789525 0.18548555093622837 0.025394891770789525
0 0.19528231229180798 0.025856625401934886 0.312843570527679 0.025856625401934886 0.312843570527679 0.06464156350483721 0.19528231229180798 0.06464156350483721
0 0.1939760760891872 0.06787364168007907 0.3552962471128546 0.06787364168007907 0.3552962471128546 0.09373026708201397 0.1939760760891872 0.09373026708201397
0 0.19071049235868753 0.09557716071889857 0.4408547251605685 0.09557716071889857 0.4408547251605685 0.13851764017056362 0.19071049235868753 0.13851764017056362
2 0.44869213560024096 0.10157959979331563 0.7249703805720676 0.10157959979331563 0.7249703805720676 0.12656262028999568 0.44869213560024096 0.12656262028999568
0 0.4284454744596187 0.13159175427770434 0.5087790009207974 0.13159175427770434 0.5087790009207974 0.15283112514357944 0.4284454744596187 0.15283112514357944
2 0.001959354303931184 0.1412879888034299 0.3187216334394726 0.1412879888034299 0.3187216334394726 0.17360877055584856 0.001959354303931184 0.17360877055584856
0 0.32394656469785077 0.14867559606112563 0.38664590242364866 0.14867559606112563 0.38664590242364866 0.1717618687414246 0.32394656469785077 0.1717618687414246
0 0.01763418873538065 0.1745322214630605 0.32982464116174925 0.1745322214630605 0.32982464116174925 0.22208994318447645 0.01763418873538065 0.22208994318447645
2 0.005224944810483147 0.2317861777102018 0.39644268749540923 0.2317861777102018 0.39644268749540923 0.2705711485232614 0.005224944810483147 0.2705711485232614
2 0.006531181013103934 0.2793438708102306 0.5433942602902476 0.2793438708102306 0.5433942602902476 0.3121264066376424 0.006531181013103934 0.3121264066376424
2 0.0032655905065519736 0.3250547193386101 0.022859133545863813 0.3250547193386101 0.022859133545863813 0.34398546293645527 0.0032655905065519736 0.34398546293645527
0 0.023512251647174024 0.3135115666433807 0.339621412681403 0.3135115666433807 0.339621412681403 0.3596840792938225 0.023512251647174024 0.3596840792938225
0 0.02612472405241579 0.3615310301734824 0.23904122507960443 0.3615310301734824 0.23904122507960443 0.40955047734850436 0.02612472405241579 0.40955047734850436
2 0.001959354303931184 0.41278255552374626 0.026124724052415782 0.41278255552374626 0.026124724052415782 0.43448365184322735 0.001959354303931184 0.43448365184322735
0 0.027430960255036572 0.41278255552374626 0.16393264342890906 0.41278255552374626 0.16393264342890906 0.4497205918122246 0.027430960255036572 0.4497205918122246
0 0.18287306836691047 0.43448365184322735 0.19854790279835996 0.43448365184322735 0.19854790279835996 0.45756992452352624 0.18287306836691047 0.45756992452352624
2 0.19920102089967034 0.43448365184322735 0.7589325218402081 0.43448365184322735 0.7589325218402081 0.4631604759687553 0.19920102089967034 0.4631604759687553
0 0.17699500545511693 0.464495806327616 0.35921495572071704 0.464495806327616 0.35921495572071704 0.5125152535026378 0.17699500545511693 0.5125152535026378
1 0.012409243924897497 0.45110576817304254 0.1462984546935284 0.45110576817304254 0.1462984546935284 0.530522546193271 0.012409243924897497 0.530522546193271
2 0.0 0.5337546243685131 0.030696550761588542 0.5337546243685131 0.030696550761588542 0.5623816024920839 0.0 0.5623816024920839
0 0.032002786964209336 0.5337546243685131 0.4179955848386526 0.5337546243685131 0.4179955848386526 0.578541993368293 0.032002786964209336 0.578541993368293
2 0.006531181013103947 0.580388895182717 0.08229288076510971 0.580388895182717 0.08229288076510971 0.6136331278423476 0.006531181013103947 0.6136331278423476
0 0.0842522350690409 0.580388895182717 0.3984020417993407 0.580388895182717 0.3984020417993407 0.6357959496154346 0.0842522350690409 0.6357959496154346
2 0.0809866445624888 0.6362576423588835 0.3363558221748527 0.6362576423588835 0.3363558221748527 0.67873641680079 0.0809866445624888 0.67873641680079
2 0.0045718267091727615 0.6385663023370705 0.07837417215724735 0.6385663023370705 0.07837417215724735 0.6699636331822771 0.0045718267091727615 0.6699636331822771
2 0.009143653418345523 0.6888943767801222 0.18156683216428965 0.6888943767801222 0.18156683216428965 0.723523785800571 0.009143653418345523 0.723523785800571
2 0.22793821735732775 0.6985906113058479 0.6145841333330814 0.6985906113058479 0.6145841333330814 0.7290644912438426 0.22793821735732775 0.7290644912438426
0 0.23316316216781063 0.7290644667112247 0.44803901749893027 0.7290644667112247 0.44803901749893027 0.7692346057075617 0.23316316216781063 0.7692346057075617
0 0.23642875267436284 0.7701580566147748 0.44412030889106824 0.7701580566147748 0.44412030889106824 0.8075578183568592 0.23642875267436284 0.8075578183568592
0 0.22467262685077577 0.8098664456248892 0.7282359710786196 0.8098664456248892 0.7282359710786196 0.8537802097194145 0.22467262685077577 0.8537802097194145
1 0.010449889620966313 0.7244472367077828 0.21552897343243022 0.7244472367077828 0.21552897343243022 0.8283354637691285 0.010449889620966313 0.8283354637691285
0 0.003918708607862368 0.8545564821141164 0.3886052702796849 0.8545564821141164 0.3886052702796849 0.8988821256602904 0.003918708607862368 0.8988821256602904
0 0.193977021348497 0.89888208068382 0.5015963212829059 0.89888208068382 0.5015963212829059 0.9399757196526055 0.193977021348497 0.9399757196526055
2 0.004571440474185383 0.9030375688785777 0.19005768256776095 0.9030375688785777 0.19005768256776095 0.9358202151027702 0.004571440474185383 0.9358202151027702
0 0.0 0.9418225396916367 0.3748916366264466 0.9418225396916367 0.3748916366264466 0.996306601159341 0.0 0.996306601159341
0 0.3781553806587163 0.9270472434008572 0.6949176597942556 0.9270472434008572 0.6949176597942556 0.9958444709175437 0.3781553806587163 0.9958444709175437
0 0.6465869202972905 0.883645185691293 0.6825084158693624 0.883645185691293 0.6825084158693624 0.8873389893201408 0.6465869202972905 0.8873389893201408
