2 0.17989811139813874 0.01518063239464194 0.35788748951884364 0.029011875243093486
1 0.1927820610208171 0.11739689051856436 0.38174665548676656 0.17272186191237054
2 0.3778358235985525 0.08028867799832855 0.3533023869919514 0.03508412820095026
2 0.6578595600199852 0.16395082986213297 0.4647765530551384 0.04857802366285425
2 0.26101927568907657 0.22534805421379592 0.5144036182684179 0.04048168638571184
2 0.5730971665495083 0.2634683088936745 0.6060228155852418 0.033060043881664676
1 0.1350428793784437 0.31002224823724317 0.26435955892458585 0.1261679225688019
2 0.2366829264017953 0.6861645842378158 0.1794209280787803 0.04048168638571198
2 0.1818068446755726 0.8038988221429275 0.35979622279627754 0.03845760206642652
2 0.11643272071504927 0.8406696869573903 0.22713926001462612 0.03778290729333108
2 0.2166408540479517 0.8993681325358964 0.42755700002675473 0.0337347386547597
2 0.6594673473533892 0.8895850583260178 0.3798379222093326 0.041156381158806994
2 0.8818348961859221 0.7991759567360979 0.12406741901021283 0.023614313068013138
0 0.6647163638663324 0.8251517074954263 0.15556176211085743 0.03373473865476001
0 0.6880983465148967 0.8511274562595915 0.2557702591761337 0.03171065433547426
1 0.7100487792053858 0.950644935291133 0.1985082608531186 0.07556581458666216
0 0.5096317850748333 0.9506449352911333 0.14697246236240502 0.07691520413285247
0 0.3220987405669593 0.9327655238041104 0.15556176211085743 0.027662485696902904
0 0.11881864652025609 0.9735845575763697 0.228093626653343 0.04992741320904457
0 0.3712486224608805 0.2999018266408152 0.19850826085311854 0.037108212520235814
0 0.5473292673041515 0.29315487890986325 0.14220062916882056 0.02631309615071274
0 0.5349225010008316 0.3174438907412903 0.11166089672987908 0.018216758873570278
0 0.4079917380514817 0.3410582077996222 0.22045869354360761 0.039806991612616686
0 0.7101195895217941 0.3697327356561681 0.21745397299464006 0.03913229683952145
0 0.44568922028079994 0.37951580986604855 0.29776239127967785 0.034409433427855095
0 0.2612728380306782 0.4081903377225939 0.5062615604754773 0.04048168638571179
0 0.10545752278663378 0.44496120261686345 0.19564516093696788 0.03575882297404547
0 0.23143390988885218 0.48476819446889935 0.44187175372593224 0.041156381158807064
0 0.2056660106434955 0.52120171221604 0.39415342179008644 0.02766248569690312
0 0.24145475959537988 0.5721411675847272 0.4714571195261567 0.04587924457047343
0 0.09066483067810693 0.6116108118107961 0.18132966135621387 0.031710654335474216
0 0.27247167535367967 0.6156589804493676 0.16128796194315886 0.03575882297404554
0 0.23906884299858752 0.6510804560368655 0.4743202194423074 0.03643351774714077
0 0.26228800537120955 0.7398028186988839 0.5175923587364536 0.05465027662071123
0 0.049627065213279656 0.7742122521267389 0.08971046403939015 0.022264927512141527
0 0.3297336736766946 0.84572989807483 0.1899189611046663 0.04520454979737806
0 0.05917073160044881 0.8713682994524473 0.11834146320089763 0.02091553796595107
0 0.06441972279025189 0.9293920538491471 0.12311323653978777 0.035758824250947306
2 0.8589299748452248 0.8221155810164978 0.16224232858187562 0.016867369327379863
2 0.8388882754321694 0.8393202977304256 0.03626593227124289 0.014843285008094398
