1 0.01743015341016752 0.010147812167164401 0.7792303877486655 0.010147812167164401 0.7792303877486655 0.15801593231727426 0.01743015341016752 0.15801593231727426
2 0.00717712199242192 0.17541218174669893 0.7659014469055961 0.17541218174669893 0.7659014469055961 0.21600343041535647 0.00717712199242192 0.21600343041535647
1 0.005126515708872799 0.21672827414158255 0.17532683724344975 0.21672827414158255 0.17532683724344975 0.30225983383625393 0.005126515708872799 0.30225983383625393
0 0.2327438131828251 0.21745311786780858 0.41217186299337316 0.21745311786780858 0.41217186299337316 0.2667424912511785 0.2327438131828251 0.2667424912511785
0 0.23376911632459962 0.2689170224298566 0.4296020164035407 0.2689170224298566 0.4296020164035407 0.303709521288706 0.23376911632459962 0.303709521288706
0 0.0 0.30515920874115804 0.3557801901957723 0.30515920874115804 0.3557801901957723 0.3567013644836725 0.0 0.3567013644836725
0 0.00717712199242192 0.3580728007556581 0.19480759693716637 0.3580728007556581 0.19480759693716637 0.40736217413902803 0.00717712199242192 0.40736217413902803
2 0.00820242513419648 0.41533545512751435 0.3916658001578818 0.41533545512751435 0.3916658001578818 0.4544770163437199 0.00820242513419648 0.4544770163437199
2 0.010253031417745598 0.4552018600699459 0.14149183356488929 0.4552018600699459 0.14149183356488929 0.481296234214083 0.010253031417745598 0.481296234214083
0 0.14456774299021294 0.4581012349748501 0.3978176190085293 0.4581012349748501 0.3978176190085293 0.4812962342140831 0.14456774299021294 0.4812962342140831
0 0.24812336030944349 0.48854467147634323 0.44703216981370814 0.48854467147634323 0.44703216981370814 0.5392837323121651 0.24812336030944349 0.5392837323121651
0 0.2501739665929926 0.5479818570268776 0.34860306820335035 0.5479818570268776 0.34860306820335035 0.5950966992315694 0.2501739665929926 0.5950966992315694
1 0.0 0.4921688901074734 0.23581972260814874 0.4921688901074734 0.23581972260814874 0.5798749809808229 0.0 0.5798749809808229
0 0.009227728275971039 0.5987209178626995 0.28708487969687685 0.5987209178626995 0.28708487969687685 0.6480102912460695 0.009227728275971039 0.6480102912460695
2 0.007177100717532094 0.6538090410558778 0.3588560996210959 0.6538090410558778 0.3588560996210959 0.7117965391539601 0.007177100717532094 0.7117965391539601
2 0.3629573121881941 0.6596077908656859 0.9853163192453522 0.6596077908656859 0.9853163192453522 0.7335418509407408 0.3629573121881941 0.7335418509407408
0 0.006151818850647359 0.7139710703326384 0.22146547862330496 0.7139710703326384 0.22146547862330496 0.7581865376324259 0.006151818850647359 0.7581865376324259
2 0.009227728275971039 0.760361068811104 0.10560622360277969 0.760361068811104 0.10560622360277969 0.7944287239437273 0.009227728275971039 0.7944287239437273
0 0.10868213302810333 0.7596361994097157 0.6172324913482851 0.7596361994097157 0.6172324913482851 0.8009523174797617 0.10868213302810333 0.8009523174797617
1 0.00410121256709824 0.8045765874612167 0.23479441946637422 0.8045765874612167 0.23479441946637422 0.90170559542518 0.00410121256709824 0.90170559542518
