2 0.14311253028980975 0.014314033981330722 0.2807030336874082 0.023422964696723
1 0.3676749572397362 0.030579981687388312 0.1536964151665478 0.05335230847586897
1 0.09755580842906637 0.16688862346415131 0.17302350928928753 0.11386163394240333
0 0.19971330593497538 0.07905250585144005 0.36997580177815714 0.03578508495332667
2 0.15829810424339086 0.24268793977437994 0.25953526393393156 0.018217861430784552
1 0.12010408490559596 0.30352258419503547 0.21812006224234667 0.07482335944786499
1 0.15139557062812659 0.4808214141910635 0.29174708747183054 0.1626594770605761
1 0.14173202356675685 0.6307934520409153 0.2595352639339314 0.13077821955670332
1 0.5337959329137599 0.6249377108667342 0.2742606689798283 0.132079495373188
0 0.044176215137690475 0.3689116939733872 0.07914905212169543 0.04554465357696145
0 0.210297190811714 0.3692370129275083 0.09479479498296076 0.04229146403574994
0 0.33040127571731 0.28400344694776636 0.16750148239707638 0.01886849933902685
0 0.2747208378875126 0.306775773736247 0.05061857984527034 0.020169775155511438
0 0.05107874875295461 0.9040309085342599 0.08375074119853819 0.01756722352254201
0 0.04693722858379613 0.9284298300933463 0.07362702522948412 0.01691658561429989
2 0.17394384710465624 0.9037055895801387 0.14541337482823116 0.018217861430784552
2 0.17578452273539333 0.9274538732309827 0.1693421580278135 0.016265947706057632
0 0.13620999667454564 0.7547095085926507 0.26137593956466865 0.0988969620528303
2 0.30233097234856915 0.7176231478228391 0.07270668741411558 0.01561530979781523
2 0.12562611179780725 0.8285569111781526 0.23284546728824349 0.02016977515551153
0 0.31429536394836033 0.8311594628111217 0.1021574975059092 0.017567223522542433
2 0.5061857984527032 0.8298581869946369 0.2227217513191894 0.01626594770605777
0 0.13252864541307138 0.8627154013608735 0.233765805103612 0.032531895412115194
