0 0.005023985394695344 0.006088687300298641 0.13923616665298524 0.006088687300298641 0.13923616665298524 0.03957646745194117 0.005023985394695344 0.03957646745194117
2 0.0064594097931797295 0.041098639277015826 0.10263284449163346 0.041098639277015826 0.10263284449163346 0.07712337247044944 0.0064594097931797295 0.07712337247044944
0 0.10693911768708661 0.033995103362699154 0.7579040823997545 0.033995103362699154 0.7579040823997545 0.0842268409874645 0.10693911768708661 0.0842268409874645
0 0.2705774916680949 0.08168985200044587 0.3287121798067125 0.08168985200044587 0.3287121798067125 0.11822199826800496 0.2705774916680949 0.11822199826800496
2 0.004306273195453152 0.11872940235582351 0.3344538848468615 0.11872940235582351 0.3344538848468615 0.161350213457914 0.004306273195453152 0.161350213457914
0 0.3388626777190468 0.11532261116739868 0.8192270127775255 0.11532261116739868 0.8192270127775255 0.16495667861121366 0.3388626777190468 0.16495667861121366
0 0.2542751844788134 0.16743887508305014 0.5864734290073831 0.16743887508305014 0.5864734290073831 0.2160034368341471 0.2542751844788134 0.2160034368341471
0 0.0071771219924219205 0.21020468060554834 0.7341170495105852 0.21020468060554834 0.7341170495105852 0.2667424912511786 0.0071771219924219205 0.2667424912511786
0 0.00922772827597104 0.2696418661560827 0.2614523011525129 0.2696418661560827 0.2614523011525129 0.32038092699190474 0.00922772827597104 0.32038092699190474
2 0.046138641379855204 0.3247299893492609 0.12713758958004545 0.3247299893492609 0.12713758958004545 0.36242186311301444 0.046138641379855204 0.36242186311301444
0 0.13021349900536913 0.32617967680171295 0.43267792582886444 0.32617967680171295 0.43267792582886444 0.3573479570294321 0.13021349900536913 0.3573479570294321
1 0.0 0.35952248178932034 0.3065656287531485 0.35952248178932034 0.3065656287531485 0.4972426999091965 0.0 0.4972426999091965
0 0.3455271481405817 0.35807274940533335 0.608004752434869 0.35807274940533335 0.608004752434869 0.4001136983640243 0.3455271481405817 0.4001136983640243
0 0.349628371345125 0.40446279923412404 0.6582446170192677 0.40446279923412404 0.6582446170192677 0.4602757661535283 0.349628371345125 0.4602757661535283
2 0.0071771219924219205 0.5110148269893503 0.1845545655194208 0.5110148269893503 0.1845545655194208 0.554505450562912 0.0071771219924219205 0.554505450562912
0 0.18660516648424746 0.4986923745240672 0.6756747651107126 0.4986923745240672 0.6756747651107126 0.5537805683239421 0.18660516648424746 0.5537805683239421
2 0.18352914004702978 0.5632035752776243 0.9617343469845379 0.5632035752776243 0.9617343469845379 0.6030699802200558 0.18352914004702978 0.6030699802200558
0 0.010253031417745601 0.5581296691940422 0.18045335295232257 0.5581296691940422 0.18045335295232257 0.6153923235658983 0.010253031417745601 0.6153923235658983
2 0.24504745088411994 0.6161171672921244 0.331172914793183 0.6161171672921244 0.331172914793183 0.6530841973296517 0.24504745088411994 0.6530841973296517
0 0.33117291479318295 0.6095935737560901 0.47779126406694505 0.6095935737560901 0.47779126406694505 0.6538090410558778 0.33117291479318295 0.6538090410558778
0 0.33117290947446015 0.6530841716544891 0.473690046181124 0.6530841716544891 0.473690046181124 0.6994741829705363 0.33117290947446015 0.6994741829705363
0 0.0 0.6204662296494804 0.13534051999287525 0.6204662296494804 0.13534051999287525 0.6531624485101182 0.0 0.6531624485101182
1 -6.106226635438361e-18 0.6545338655257318 0.2317185685469976 0.6545338655257318 0.2317185685469976 0.74014367640087 -6.106226635438361e-18 0.74014367640087
2 0.23684503106864582 0.7009238960981511 0.4859936945198639 0.7009238960981511 0.4859936945198639 0.7415151447668088 0.23684503106864582 0.7415151447668088
0 0.48804427420980084 0.6878766191630136 0.8253688642481244 0.6878766191630136 0.8253688642481244 0.7400652519130565 0.48804427420980084 0.7400652519130565
0 0.00922772827597104 0.7473138817390356 0.41934898498579504 0.7473138817390356 0.41934898498579504 0.7958784113961795 0.00922772827597104 0.7958784113961795
0 0.0030759094253236803 0.8028424615349857 0.08715076705083762 0.8028424615349857 0.08715076705083762 0.8586554284543899 0.0030759094253236803 0.8586554284543899
0 0.003075872194266469 0.8427087509391853 0.604928816415933 0.8427087509391853 0.604928816415933 0.90359580366831 0.003075872194266469 0.90359580366831
0 0.00205061692099405 0.8912198397984654 0.5751950731729728 0.8912198397984654 0.5751950731729728 0.9398380092359833 0.00205061692099405 0.9398380092359833
0 0.010253031417745601 0.945636720533048 0.21225233137956256 0.945636720533048 0.21225233137956256 0.999946462920276 0.010253031417745601 0.999946462920276
