2 0.15328281969529675 0.0177586712925377 0.29631260797284786 0.028268905322815115
1 0.13892857571045286 0.10510234030277416 0.2450474508841198 0.1420693703403016
0 0.3726976920350525 0.05508812319317817 0.1589219869750567 0.036242186311301425
2 0.19326964222450452 0.20440593079574007 0.3721850404641652 0.028993749049041107
1 0.29631260797284786 0.279789678323247 0.5618661216924589 0.11887437110106866
1 0.3547548870539977 0.41388576767506235 0.6746494672876604 0.1449687452452057
1 0.17994070138143525 0.5987209178626997 0.3373247336438302 0.1826606190089592
0 0.8233184228449716 0.657795681550121 0.06151818850647345 0.047114842204692024
0 0.4547219433770174 0.6628695876337031 0.02768318482791308 0.031168280227719124
2 0.6295361290495798 0.6632320094968162 0.3178439739501136 0.030443436501493153
2 0.12303637701294719 0.7139710703326381 0.24197154145879612 0.030443436501493153
0 0.42293754598200595 0.7672470842102512 0.2696547262867093 0.05291359201450007
2 0.5270058148721237 0.8216103636772035 0.3486030682033504 0.0282689053228151
0 0.7243766696637265 0.8190734106354124 0.037936216245658724 0.04638999847846577
0 0.514702177170829 0.8553155969467136 0.17225092781812598 0.031893123953945376
2 0.3860266328781218 0.8574901281253918 0.06869531049889552 0.031893123953945376
1 0.1584093354041695 0.9046830500012775 0.30451503310704425 0.1790364003778292
0 0.5931378675165828 0.8970721908759041 0.48906959862646493 0.040591248668657584
0 0.6305614321913544 0.9474488298486128 0.563916727976008 0.058712341824308255
1 0.14149183356488929 0.7715961465676073 0.2788824545626803 0.07900796615863698
2 0.801321473581378 0.7071863430661226 0.1392447791993763 0.02941191139470078
0 0.8930192550053573 0.7083868132992969 0.03226403420473346 0.03421385611220316
2 0.8628778546298832 0.7341972874174734 0.1689616528089993 0.01740703897014487
2 0.8514156539740554 0.7519044612209633 0.23264066768676225 0.02160869275935483
2 0.7958026256253052 0.7759141768353729 0.08066008551183373 0.022809237408135487
2 0.877311747051106 0.7732130616701758 0.017830124165773783 0.01620656342156991
2 0.8998116656412495 0.8140296023997454 0.02886782007791936 0.018607535780320886
0 0.8539627881425619 0.7720125595445986 0.02377349888769828 0.018607535780320886
0 0.9223115930402607 0.7810162218361169 0.050094158370507104 0.03541434229157872
0 0.9405662527807541 0.8167307069341415 0.047546997775396845 0.03241312684313982
