2 0.14438823111767088 0.019610671334909548 0.27170593244803093 0.02916458813909625
2 0.20698017367114396 0.04676390856786122 0.08108501648972652 0.019107833608373405
2 0.1899096438838331 0.06486606672316235 0.03271851542567912 0.009051079077650561
2 0.5540809460131311 0.041232693575963666 0.09246536968126712 0.03821566721674681
2 0.3798192877676662 0.1071044357521983 0.3584811255335277 0.025141886326807104
2 0.26103685133096166 0.14079456343011984 0.09815554627703733 0.03218161449831312
2 0.5875107335132814 0.17951306837340275 0.5064257170235549 0.027153237232951676
2 0.44596759069349656 0.20364927984192063 0.17781801861782148 0.031175940234805303
2 0.23543105664999542 0.35852329902026947 0.12660642925588875 0.017096482702228855
1 0.12020498058564721 0.12118389209521027 0.231874696277639 0.1619137479446378
1 0.41512899342869475 0.04173553130249982 0.18157785493957687 0.06939160626198765
1 0.1278652279797254 0.2726199318747471 0.22122714047285824 0.13917964943079186
0 0.381058675447515 0.3597865679873307 0.16135374006965347 0.0279794140608292
