2 0.005328329712425123 0.0025112614380110804 0.27796119999817726 0.0025112614380110804 0.27796119999817726 0.031390767975138505 0.005328329712425123 0.031390767975138505
2 0.2788492549502481 0.0018834460785083105 0.3942963987194591 0.0018834460785083105 0.3942963987194591 0.03201858333464127 0.2788492549502481 0.03201858333464127
2 0.26819259552539787 0.058386828433757615 0.388968069007034 0.058386828433757615 0.388968069007034 0.08852196568989057 0.26819259552539787 0.08852196568989057
0 0.39518445367152993 0.0018834460785083105 0.7095559067046122 0.0018834460785083105 0.7095559067046122 0.060898089871768694 0.39518445367152993 0.060898089871768694
0 0.3916322338632465 0.06340935130977977 0.7619511488767927 0.06340935130977977 0.7619511488767927 0.11991273366502908 0.3916322338632465 0.11991273366502908
2 0.00710443961656683 0.10986768791298478 0.1847154300307376 0.10986768791298478 0.1847154300307376 0.13686374837160387 0.00710443961656683 0.13686374837160387
1 0.0062163846644959775 0.1387471944501122 0.14564101213962005 0.1387471944501122 0.14564101213962005 0.2417089134085665 0.0062163846644959775 0.2417089134085665
2 0.16073794632482452 0.18457771569381434 0.7388617201229504 0.18457771569381434 0.7388617201229504 0.21910756046646673 0.16073794632482452 0.21910756046646673
1 0.0062163846644959775 0.24610362092508584 0.3143714530330823 0.24610362092508584 0.3143714530330823 0.414985952631331 0.0062163846644959775 0.414985952631331
1 0.39518445367152993 0.24422017484657757 0.8338835999945317 0.24422017484657757 0.8338835999945317 0.4118468758338171 0.39518445367152993 0.4118468758338171
2 0.005328329712425123 0.4344482287759169 0.3303564421703577 0.4344482287759169 0.3303564421703577 0.45956084315602774 0.005328329712425123 0.45956084315602774
1 0.004440274760354269 0.46269991995354154 0.24066289201120136 0.46269991995354154 0.24066289201120136 0.5882629918540956 0.004440274760354269 0.5882629918540956
1 0.25753593610054765 0.4633277353130443 0.5310568613383706 0.4633277353130443 0.5310568613383706 0.5876351764945927 0.25753593610054765 0.5876351764945927
1 0.0062163846644959775 0.5895186225731011 0.2806253648543898 0.5895186225731011 0.2806253648543898 0.7640512925148712 0.0062163846644959775 0.7640512925148712
1 0.36321447539697926 0.5914020686516094 0.6180862466413142 0.5914020686516094 0.6180862466413142 0.7163373251926607 0.36321447539697926 0.7163373251926607
1 0.34101310159520787 0.7238711095066938 0.6038773674081805 0.7238711095066938 0.6038773674081805 0.8406447663742092 0.34101310159520787 0.8406447663742092
0 0.0062163846644959775 0.7653069232338766 0.10923075910471501 0.7653069232338766 0.10923075910471501 0.7910473529734902 0.0062163846644959775 0.7910473529734902
2 0.11367103386506928 0.767190369312385 0.19803625431180036 0.767190369312385 0.19803625431180036 0.7948142451305067 0.11367103386506928 0.7948142451305067
0 0.0115447143769211 0.8136487059155901 0.2912820242792401 0.8136487059155901 0.2912820242792401 0.8695242729113367 0.0115447143769211 0.8695242729113367
2 0.030193868370409032 0.8820805801013919 0.26819259552539787 0.8820805801013919 0.26819259552539787 0.9134713480765305 0.030193868370409032 0.9134713480765305
0 0.2699687054295396 0.8852196568989058 0.3783114095821838 0.8852196568989058 0.3783114095821838 0.9159826095145416 0.2699687054295396 0.9159826095145416
2 0.6430409142012088 0.47381315588751055 0.9389615416058342 0.47381315588751055 0.9389615416058342 0.5016704376799201 0.6430409142012088 0.5016704376799201
0 0.6515399400535613 0.5054939861612313 0.6739464627552169 0.5054939861612313 0.6739464627552169 0.5213344012980917 0.6515399400535613 0.5213344012980917
2 0.6747191014690671 0.5076788710076947 0.690171875746071 0.5076788710076947 0.690171875746071 0.5186032952400123 0.6747191014690671 0.5186032952400123
0 0.6909445144599211 0.5044015437379996 0.7141236758754271 0.5044015437379996 0.7141236758754271 0.5235192861445552 0.6909445144599211 0.5235192861445552
2 0.7156689533031275 0.5049477649496155 0.9690944514459919 0.5049477649496155 0.9690944514459919 0.5273428346258663 0.7156689533031275 0.5273428346258663
0 0.6484493851981603 0.524065507356171 0.7110331210200262 0.524065507356171 0.7110331210200262 0.5431832497627266 0.6484493851981603 0.5431832497627266
0 0.7172142307308278 0.5295277194723298 0.9312351544673323 0.5295277194723298 0.9312351544673323 0.5825111769990695 0.7172142307308278 0.5825111769990695
2 0.934325709322732 0.5257041855020613 0.9907283594820072 0.5257041855020613 0.9907283594820072 0.5552001551143915 0.934325709322732 0.5552001551143915
