1 0.12944344017685153 0.16596723453379048 0.2541798461654539 0.10066183147162232
1 0.17769054060640535 0.29824187258327767 0.34832052993043694 0.15723211692674888
1 0.18004405770052986 0.4625452751919174 0.3483205299304369 0.16804702444022893
2 0.20036910148586098 0.02153287457936413 0.3941866247215031 0.0392060204290288
2 0.0747971850233324 0.10614254006673524 0.14085893237970626 0.015438914918797871
0 0.34259294600102974 0.12235340073147297 0.12393402189997413 0.04631674475639357
2 0.5189217853707163 0.18948470958865563 0.5018054257509074 0.037533712442481326
0 0.4106069993985666 0.24699604316987694 0.09505188098694667 0.037533712442481215
2 0.6623660355261549 0.3793129279877207 0.6037078927549314 0.034588435310801
2 0.19096008522602786 0.5660325989309681 0.3733569379307092 0.03269065277248373
1 0.14300598310648724 0.632624669393435 0.2774487336916279 0.0968611933999518
2 0.3806356855738538 0.6631964835602946 0.19438537823456645 0.021188386056239353
1 0.10104614375188918 0.7167728311596429 0.1866784689653546 0.06780283537996624
2 0.12502319481165952 0.7730733998233649 0.2397705105977032 0.03995524227748007
1 0.1293048110723328 0.8932418178851799 0.2483337431190497 0.19432776925865325
2 0.34509827061026543 0.8536213227736511 0.15585083188850693 0.03517629448063433
1 0.5801590033212283 0.8768964914989382 0.2868682894651092 0.2245968921961382
2 0.1106694155556718 0.05535732690065551 0.21089832020986513 0.022142930760262206
2 0.1952375538576474 0.08155979496696579 0.37794649463352065 0.024357223836288418
2 0.6838534640468399 0.4092751702188465 0.5637875886798376 0.019928637684235966
2 0.3358105151287822 0.8759689922480621 0.08498062015503872 0.023255813953488344
