2 0.18154916152860928 0.018467220683287166 0.35003723229976463 0.027700831024930747
2 0.5603207934947725 0.04478301015697138 0.3265272689363476 0.03047091412742383
0 0.3219558871712385 0.045706371191135735 0.10057039883239513 0.041551246537396135
0 0.419914067852143 0.08725761772853186 0.2808134512852589 0.039704524469067415
1 0.14105978018050216 0.09233610341643582 0.2350996336341703 0.11449676823638041
1 0.14563116194561107 0.221606648199446 0.23379352455842495 0.13481071098799632
1 0.4643217764274863 0.2100646352723915 0.23901796086140642 0.1394275161588181
2 0.14432505286986566 0.32686980609418276 0.2782012331337682 0.04616805170821788
0 0.4048938134810711 0.32963988919667586 0.22465076102820716 0.05540166204986143
0 0.6347690108122598 0.32686980609418287 0.15934530724093768 0.040627885503231764
0 0.6066876656837339 0.37119113573407203 0.11363148958984894 0.0443213296398892
0 0.7386046823340183 0.36934441366574333 0.11363148958984878 0.046168051708217736
0 0.3513433413755101 0.40858725761772857 0.14367199833199298 0.030470914127423823
1 0.12473341673368481 0.3998153277931669 0.20244690674053556 0.09602954755309362
2 0.24228323355076992 0.46398891966759004 0.4767298126470675 0.02677746999076632
1 0.1364883984153933 0.5378578024007387 0.23118130640693413 0.11357340720221601
0 0.34415974145891043 0.4967682363804248 0.1841613796801001 0.024007386888273387
0 0.3102009054895303 0.5267774699907665 0.1319170166502845 0.03231763619575254
0 0.38530217734489014 0.5701754385964913 0.24816072439162423 0.04155124653739619
2 0.5818715932445715 0.502308402585411 0.2755890149822774 0.03139427516158819
2 0.08032570815834152 0.6121883656509695 0.15020254371071992 0.02770083102493082
1 0.16783501623328262 0.6828254847645424 0.26775236052780493 0.11172668513388741
1 0.45779123104875935 0.6763619575253925 0.21289577934649856 0.12465373961218837
2 0.38007774104190856 0.755309325946445 0.7549310457808356 0.02770083102493075
2 0.4910970124802667 0.7885503231763619 0.9769695886575519 0.03139427516158819
2 0.8254609358710868 0.8079409048938134 0.2716706877550412 0.016620498614958307
2 0.37420025020105435 0.8254847645429362 0.6360751198880051 0.04062788550323191
1 0.21746716111160755 0.9159741458910434 0.3565677776784916 0.12188365650969515
1 0.5923204658505345 0.9164358264081255 0.3408944687695469 0.12096029547553087
2 0.33305781431507486 0.8855032317636196 0.14367199833199304 0.020313942751615556
2 0.21420188842224397 0.8698060941828257 0.18546748875584546 0.025854108956602034
2 0.6295445745092781 0.8702677746999076 0.18807970690733625 0.023084025854109028
2 0.7281558097280554 0.8873499538319483 0.06922378101450576 0.014773776546629732
