2 0.003311308773643701 0.001560632033188213 0.14349004685789365 0.001560632033188213 0.14349004685789365 0.04525832896245818 0.003311308773643701 0.04525832896245818
2 0.17991444336797438 0.009363792199129278 0.2571783147529941 0.009363792199129278 0.2571783147529941 0.04057643286289353 0.17991444336797438 0.04057643286289353
0 0.25938585393542324 0.009363792199129278 0.31347056390493694 0.009363792199129278 0.31347056390493694 0.03745516879651711 0.25938585393542324 0.03745516879651711
0 0.14569758604032285 0.007022844149346959 0.17660313459433075 0.007022844149346959 0.17660313459433075 0.03433390473014068 0.14569758604032285 0.03433390473014068
0 0.31457433349615127 0.00156059057306416 0.8830156729716524 0.00156059057306416 0.8830156729716524 0.05150085709521099 0.31457433349615127 0.05150085709521099
1 0.011037695912145646 0.05306148912839908 0.4569609199541021 0.05306148912839908 0.4569609199541021 0.11470645443933337 0.011037695912145646 0.11470645443933337
1 0.0033113087736436958 0.11860803452230405 0.3068479578091781 0.11860803452230405 0.3068479578091781 0.2614058240989016 0.0033113087736436958 0.2614058240989016
2 0.2991215019615048 0.12407024663846271 0.5198754774620604 0.12407024663846271 0.5198754774620604 0.17713173576686184 0.2991215019615048 0.17713173576686184
2 0.525394256708961 0.12094893420194137 0.5574028534078848 0.12094893420194137 0.5574028534078848 0.1529412067902532 0.525394256708961 0.1529412067902532
2 0.5253943254181336 0.19898058423149706 0.5607149408854714 0.19898058423149706 0.5607149408854714 0.23019321798524078 0.5253943254181336 0.23019321798524078
0 0.5607149408854712 0.11236543037932387 0.7075162965170086 0.11236543037932387 0.7075162965170086 0.19273798008851684 0.5607149408854712 0.19273798008851684
0 0.5640262840137007 0.2021018275678116 0.6501203121284369 0.2021018275678116 0.6501203121284369 0.22785225611541704 0.5640262840137007 0.22785225611541704
2 0.27814993698607077 0.26296646995213113 0.5452621780599958 0.26296646995213113 0.5452621780599958 0.2965200863057603 0.27814993698607077 0.2965200863057603
0 0.004415078364858227 0.2840350093101886 0.18543195149520406 0.2840350093101886 0.18543195149520406 0.33319493908567865 0.004415078364858227 0.33319493908567865
2 0.18874364962081816 0.2933986011187204 0.3366489179876771 0.2933986011187204 0.3366489179876771 0.3269523833128461 0.18874364962081816 0.3269523833128461
0 0.3355459557292283 0.2980807183389487 0.44371537566825586 0.2980807183389487 0.44371537566825586 0.3207098828201777 0.3355459557292283 0.3207098828201777
2 0.004413211765701006 0.4369776741148052 0.6214232303306719 0.4369776741148052 0.6214232303306719 0.46897064461520505 0.004413211765701006 0.46897064461520505
0 0.005518847956072828 0.3347555365687683 0.2748386282124268 0.3347555365687683 0.2748386282124268 0.4307344411599464 0.005518847956072828 0.4307344411599464
0 0.005518847956072836 0.4728715060560285 0.11037695912145665 0.4728715060560285 0.11037695912145665 0.5189101510350809 0.005518847956072836 0.5189101510350809
2 0.11368826789510038 0.4705305165461223 0.7384218565225451 0.4705305165461223 0.7384218565225451 0.5212510576247392 0.11368826789510038 0.5212510576247392
1 0.015452774277003934 0.5313952073005865 0.26269716270906696 0.5313952073005865 0.26269716270906696 0.6640489301215846 0.015452774277003934 0.6640489301215846
0 0.27814989690572084 0.550122791698845 0.41170601744268337 0.550122791698845 0.41170601744268337 0.5938204886281152 0.27814989690572084 0.5938204886281152
0 0.5231867862357047 0.5438802635660922 0.8046480319954192 0.5438802635660922 0.8046480319954192 0.5922598565949267 0.5231867862357047 0.5922598565949267
2 0.27704616739485616 0.5985023778176588 0.3642439651008069 0.5985023778176588 0.3642439651008069 0.6219118583154821 0.27704616739485616 0.6219118583154821
0 0.37307412755628777 0.5977220548910441 0.4790360083128862 0.5977220548910441 0.4790360083128862 0.6226921674220556 0.37307412755628777 0.6226921674220556
0 0.27042354984756684 0.6234724212484605 0.7472532958234607 0.6234724212484605 0.7472532958234607 0.6882390168568698 0.27042354984756684 0.6882390168568698
0 0.2682160106651397 0.6890190426525961 0.4691020762661909 0.6890190426525961 0.4691020762661909 0.7483230599137481 0.2682160106651397 0.7483230599137481
0 0.012141465503360234 0.7373986356814306 0.2682160106651398 0.7373986356814306 0.2682160106651398 0.7959223369259885 0.012141465503360234 0.7959223369259885
0 0.006622617547287402 0.8103832079676322 0.07616010179380513 0.8103832079676322 0.07616010179380513 0.839254900581614 0.006622617547287402 0.839254900581614
0 0.21302753110441142 0.8423761646479905 0.5242905558269192 0.8423761646479905 0.5242905558269192 0.891536073693419 0.21302753110441142 0.891536073693419
2 0.0883015443941078 0.8017996557748684 0.5794790468391743 0.8017996557748684 0.5794790468391743 0.8376943514686733 0.0883015443941078 0.8376943514686733
2 0.0022075391824291335 0.8400352165982082 0.20971622233076773 0.8400352165982082 0.20971622233076773 0.8915360736934193 0.0022075391824291335 0.8915360736934193
2 0.5154603990972028 0.7042602297108337 0.996703940866754 0.7042602297108337 0.996703940866754 0.7955572036523441 0.5154603990972028 0.7955572036523441
2 0.6203185102625866 0.7900949915361852 0.8035442624042048 0.7900949915361852 0.8035442624042048 0.8205273161833555 0.6203185102625866 0.8205273161833555
0 0.8123744134081566 0.7978981309720643 0.9867700088200584 0.7978981309720643 0.9867700088200584 0.8423761439179285 0.8123744134081566 0.8423761439179285
2 0.5342244821478503 0.8626643810794373 0.8874307513365117 0.8626643810794373 0.8874307513365117 0.9008998658925486 0.5342244821478503 0.9008998658925486
0 0.5496772678763829 0.9024604910157159 0.8786006060583238 0.9024604910157159 0.8786006060583238 0.955521980144115 0.5496772678763829 0.955521980144115
