2 0.32141770496168187 0.01810713569922462 0.6428354099233637 0.03621427139844924
1 0.13911360042872795 0.13775698956952356 0.26416517626538233 0.1476982156209325
2 0.14463796202231138 0.04935106131701901 0.27722277052945066 0.023432889978321027
1 0.4851398484265386 0.12710567594301403 0.3073556803696084 0.14627804047073123
2 0.03214177049616819 0.24036464417156558 0.044194934432231256 0.02911359057912609
0 0.07985221107641785 0.2400096003840153 0.04720822541624702 0.03550437875503189
2 0.2069126475690827 0.2414297755342166 0.2049037869130722 0.02840350300402548
0 0.4047854221861181 0.24320499447196817 0.17477087707291455 0.03479429117993121
2 0.5338547193347936 0.24213986310931723 0.06930569263236265 0.029823678154226735
0 0.5931161086871036 0.24320499447196817 0.031137340168162952 0.024853065128522298
2 0.7799401496960812 0.24462516962216946 0.3143866926656452 0.031953940879528665
2 0.32292435045368983 0.2751589353514968 0.6217423730352535 0.029113590579126124
1 0.15769556149682518 0.3699556266274318 0.3053468197135978 0.15479909137193879
2 0.6081825636071825 0.3394218608981045 0.545405668106854 0.059647356308453435
2 0.5444012377788487 0.3940986041808535 0.42989618038624955 0.04260525450603822
2 0.4334116865342679 0.4661724930535682 0.8607967911005043 0.033374116029729846
1 0.12153606968863595 0.5535132647909465 0.23101897544120883 0.13704690199442296
2 0.3681237152139263 0.5080676599845058 0.2501031516733087 0.030533765729327412
0 0.5157749734306989 0.5080676599845058 0.03515506148018389 0.03479429117993121
2 0.7056123054236924 0.5080676599845059 0.33246643856973973 0.03337411602972999
0 0.890929700940662 0.5073575724094052 0.03214177049616808 0.03337411602972992
2 0.5896006025390852 0.5467674328274904 0.691048065667616 0.02982367815422684
2 0.3229235793077558 0.6064147545512906 0.16372060117298864 0.04970606108773756
0 0.5624809836829434 0.6145807962496013 0.3013290984015768 0.04615569238154137
0 0.47559776031048867 0.6618016199937936 0.10747404509656235 0.03266402845462921
0 0.11952720903262545 0.6674823205945987 0.11852277870462018 0.039764904205635644
2 0.029128479512152423 0.6603814448435925 0.05423923771228382 0.03266402845462921
2 0.2958047107557658 0.6660621454443976 0.2239879631451721 0.04260525450603808
2 0.7698958464160287 0.6625117075688942 0.446971495962339 0.02982367815422677
2 0.24708986068929295 0.7036967869247311 0.4901620000665649 0.0312438533044282
1 0.1295786700419889 0.7821998182090317 0.25313075811594626 0.12434203411397185
2 0.583574020571054 0.7470121132855728 0.6187290820512377 0.035504460500576415
2 0.5318458586787831 0.7814513763982509 0.4931752910505808 0.029113590579126054
2 0.9245781169288381 0.7796761574604995 0.01506645492007891 0.019882452102817895
0 0.8517569181484572 0.7835816391235528 0.12856708198467273 0.0305337657293272
2 0.4821266382044279 0.8162456675781822 0.3495415926220185 0.03195394087952877
0 0.2887737193015111 0.8153772304738344 0.029128479512152375 0.017042101802415176
2 0.19686834428903016 0.860822835280275 0.3756569426739657 0.02414297755342176
0 0.5328502890067882 0.9062684400867159 0.25010315167330865 0.06248770660885583
0 0.7071189509157001 0.968756146695572 0.2330278360972195 0.053966655707648525
2 0.4992018730186122 0.9588149206441631 0.176779737728925 0.02982367815422677
1 0.20088606560105116 0.9332517679405402 0.36762150004992367 0.11645436231650422
2 0.5579610472069197 0.8601127477051744 0.32242213528968733 0.026983327853824193
