0 0.10310716093083308 0.04626366993172814 0.19860493729112494 0.08714784335976697
2 0.17653772203655546 0.11458327552858254 0.34546605950256976 0.04196007272877671
0 0.10577044553052248 0.15573642378180583 0.19936587574817907 0.02851133146955336
0 0.3842739208123298 0.16488156783807767 0.27241596762537446 0.02958723077029122
2 0.04641724588030123 0.19715854686021358 0.08065947644773656 0.03173902937176699
0 0.15637285292462136 0.2009241944127961 0.11337983010106369 0.03604262657471846
0 0.4173747436941839 0.20011726993724274 0.4025364437816286 0.032276979022135915
2 0.052078790642872096 0.23897832530099117 0.08143229082339999 0.03748679612564562
0 0.45213867371660915 0.24701120903693513 0.7092186042980958 0.06292426421256335
2 0.09800281511885929 0.2935350018052791 0.18274921080135115 0.030123318315250884
0 0.31673373581892206 0.2975514442473125 0.25281885639357904 0.035478574904628954
2 0.037875484103906974 0.3296829837835803 0.06060077456625116 0.02878450416790649
0 0.1462940573513407 0.33303001915194147 0.1410861782870535 0.04485027393604042
2 0.2405093240598093 0.3313565014677608 0.035981709898711606 0.022759840504856327
0 0.31578684871632445 0.3363770545203027 0.09942314577275582 0.04083383149400678
2 0.6708695121904523 0.33537294390979433 0.5539289550196396 0.033470353683612224
2 0.43178051878453955 0.36449215161453696 0.1818023236987535 0.018073990989150558
2 0.14297995249224887 0.40398716896119935 0.28217235657410705 0.030123318315250957
1 0.15765670258251283 0.5147740396539556 0.3077383083442442 0.19011160892291734
2 0.3441934617942547 0.4448210004552062 0.057760113258458146 0.027445690020562095
2 0.19979308956970518 0.4451557031606424 0.18180217295068504 0.022759839000418242
2 0.21636307711067748 0.46590731856461554 0.15055546958037352 0.02008221054736785
2 0.33851213917866857 0.48732834963339366 0.055866339053262735 0.0200822122101674
2 0.24903130798318845 0.5177863716438427 0.14392683959484665 0.018073991939322683
0 0.22535898880642466 0.5047329332717386 0.15339542739717857 0.014726955066522694
0 0.43556806719493024 0.44749862874989516 0.10226380708054883 0.03413976075728449
0 0.5264692290443069 0.44682922167622285 0.0681758713870326 0.03280094660993996
0 0.6244720441631664 0.4431474827710256 0.10510446838834192 0.03614798197830126
0 0.7352578351670942 0.4421433721605172 0.08995427474677911 0.04886671637807382
0 0.418997542899471 0.4896712743912465 0.08806050054158376 0.03413976075728449
0 0.532623995211192 0.4869936460965576 0.09374182315716972 0.036817389051973425
0 0.7347843916157955 0.49536123451746067 0.09279493605457219 0.04685849515705705
2 0.511792478954043 0.5432238402850261 0.398639470193621 0.024768061725873168
2 0.5165269144670313 0.5787024151896552 0.4024270186040115 0.027445690020562026
2 0.44214480481714863 0.6251336592230576 0.8713613989671292 0.02833297708357705
2 0.14414954893892418 0.6571225048039081 0.27537088721068026 0.028332978056556043
2 0.24111112894268483 0.6973370524360442 0.46929404721820156 0.042956449126713495
0 0.2973488453448661 0.7425784193938243 0.5869407642894313 0.04569835078345416
0 0.7317367237617137 0.6712889928592073 0.27924935041083065 0.049354218145585944
0 0.08338695880323417 0.8010920778630733 0.1616026333396011 0.06671959119681063
0 0.06593387440255723 0.8577580320302275 0.12669646453824723 0.035644713105145345
0 0.06851951653599087 0.900714481156941 0.12669646453824726 0.035644713105145345
0 0.2210724024085743 0.8984295636502009 0.16289545440631792 0.038386614113233436
2 0.1932767494741629 0.8577580320302275 0.10730414853749513 0.03381677909975323
0 0.3413047616132375 0.9546385346943879 0.6670956704258733 0.07037545996435587
0 0.6535210492253468 0.898886547151549 0.1874590546739372 0.03381677909975323
