1 0.1581644308588763 0.077931819358266 0.2875716924706842 0.1507811287583842
1 0.47269596949868714 0.07115513941406895 0.24084129244419805 0.13892193885603937
2 0.22825999332456712 0.01778878520420882 0.14258755570197307 0.022024210520023645
2 0.2863734770853896 0.17407596606656153 0.553575508006067 0.03303631472796058
0 0.28996814636375784 0.2253246082447492 0.5511790772354781 0.06437845946987196
0 0.044333969255897145 0.2710671977678817 0.08387507697061622 0.030495059748886676
0 0.21208412319712963 0.270220112774857 0.2372466462883145 0.032189229734935945
0 0.07369023752468105 0.31511561715466746 0.135398321196417 0.055907610040611545
0 0.21388146939755578 0.31723332988772346 0.12820909247148285 0.05675469453265016
0 0.3420904578178574 0.31808041523143976 0.11143396146493659 0.055060525247984674
0 0.47029953872809815 0.3176568723842364 0.13539833853828043 0.057601779525674884
2 0.036545569251482786 0.3604346645319802 0.05391969233825329 0.026259634783763558
0 0.13539841368635527 0.3650936319936146 0.11982168882560192 0.03896590967913286
2 0.2498279714207392 0.36467008949710256 0.10664104211754603 0.0330363147279605
2 0.35706830043018895 0.3642465470005902 0.10304675436017502 0.03557756970703445
0 0.4613129233383893 0.365517174490128 0.09346080005297246 0.027953804769812792
0 0.0682984070257634 0.3943180642529645 0.11502893711622555 0.024565464797714133
0 0.07788414744998297 0.4248131240018512 0.14138971027643177 0.024565464797714213
0 0.13599777572633337 0.45361401376468796 0.2528241052879545 0.03303631472796042
2 0.2689993539986192 0.49385055093335944 0.5260165541442932 0.03388339972098521
0 0.32172083095157794 0.5260397806682954 0.1497769231618147 0.028800889762837442
1 0.11982153852945174 0.551028787962522 0.2324537847471364 0.07877890435129067
1 0.12581261545592434 0.6632675495382856 0.2324537847471364 0.14061610884208867
0 0.3163288617177526 0.6293841498173003 0.11023581544709568 0.052519269567527116
0 0.3211217232589307 0.6810563343918028 0.11023581544709568 0.04743675960937935
0 0.3175270771030472 0.7284930940011821 0.11023581544709561 0.04574258962333019
0 0.47569150796192344 0.725951839022108 0.0790822154294382 0.02710671977678814
0 0.4936647387413412 0.6793621644057535 0.07908221542943807 0.030495059748886603
2 0.5350031695340021 0.6281135223277633 0.3127342155618691 0.026259634783763416
2 0.4175780617751394 0.6806327918952904 0.046730400026486124 0.01948295483956656
2 0.40439769253689967 0.7251047540290836 0.05152326156766435 0.022024209818640374
2 0.6044996618810841 0.6852917593569259 0.13539833853828043 0.032189229734935904
2 0.5200254772178207 0.7539056437919212 0.404996800229547 0.020330039832591212
2 0.5170299387545844 0.7793181935826599 0.4900700925854578 0.028800889762837158
1 0.12581277153269538 0.8174370194210395 0.23245409690067853 0.14569862110478393
0 0.41757806177513934 0.8182841032617929 0.3127342155618691 0.04574258962333005
0 0.6434416619031559 0.8187076457583052 0.12221796930004075 0.036424654700059025
0 0.32711280018540334 0.8602148104165122 0.134200123152986 0.036424654700059025
0 0.5493817541575363 0.8610618954095368 0.15936264624417085 0.02625963478376349
0 0.7836328619826145 0.8542852154653398 0.2060930462706571 0.03473048471401
0 0.16535372317064342 0.9237461848933595 0.31153600017657457 0.0601430345047487
0 0.6206755695825601 0.9262874398724332 0.5847291080237245 0.05844886451869939
0 0.2516252309118487 0.9766889969573989 0.49126830797075216 0.04404841963728075
2 0.43734861563249894 0.8602148104165122 0.0503250461823697 0.022871294811665166
