2 0.0060646680835965226 0.0034299605125015674 0.4512113054195812 0.0034299605125015674 0.4512113054195812 0.08660650294066455 0.0060646680835965226 0.08660650294066455
0 0.5215614551893012 0.06516924973752986 0.9691345637953961 0.06516924973752986 0.9691345637953961 0.19550851614895007 0.5215614551893012 0.19550851614895007
1 0.007277601700315823 0.09089397636157952 0.4475725045694233 0.09089397636157952 0.4475725045694233 0.22208996596476446 0.007277601700315823 0.22208996596476446
2 0.01091640255047374 0.2246624135688527 0.4427207701025461 0.2246624135688527 0.4427207701025461 0.2563895483094922 0.01091640255047374 0.2563895483094922
0 0.4475725045694233 0.22637739382510344 0.4912381147713184 0.22637739382510344 0.4912381147713184 0.2563895483094922 0.4475725045694233 0.2563895483094922
2 0.0 0.26582193971887147 0.517922654339143 0.26582193971887147 0.517922654339143 0.2992640547157618 0.0 0.2992640547157618
0 0.007277601700315825 0.301836525100138 0.42573969946847584 0.301836525100138 0.42573969946847584 0.33527864009702824 0.007277601700315825 0.33527864009702824
2 0.43059143393535315 0.3044089954845141 0.6367901487776348 0.3044089954845141 0.6367901487776348 0.33527864009702824 0.43059143393535315 0.33527864009702824
0 0.00363878826606058 0.3352786173167403 0.1904305652408335 0.3352786173167403 0.1904305652408335 0.3712932026980067 0.00363878826606058 0.3712932026980067
2 0.002425867233438609 0.38072561688767403 0.2959558024795103 0.38072561688767403 0.2959558024795103 0.42188514303769287 0.002425867233438609 0.42188514303769287
0 0.29838166971294894 0.38158310701579945 0.8175172576688112 0.38158310701579945 0.8175172576688112 0.4527547876502069 0.29838166971294894 0.4527547876502069
2 0.004851734466877218 0.45789972841895915 0.09582175572082506 0.45789972841895915 0.09582175572082506 0.4973442743127273 0.004851734466877218 0.4973442743127273
0 0.09703468933754436 0.45789972841895915 0.6950109623801616 0.45789972841895915 0.6950109623801616 0.5076341558502319 0.09703468933754436 0.5076341558502319
2 0.004851734466877218 0.5136365867471098 0.38935169096689665 0.5136365867471098 0.38935169096689665 0.5487936820002508 0.004851734466877218 0.5487936820002508
0 0.39420342543377396 0.5110641163627335 0.7423153734322143 0.5110641163627335 0.7423153734322143 0.5702309352033857 0.39420342543377396 0.5702309352033857
0 0.0036387693899145837 0.575375875972138 0.6064668083596522 0.575375875972138 0.6064668083596522 0.6439750862221693 0.0036387693899145837 0.6439750862221693
0 0.006064668083596517 0.6467140672123377 0.590698671342301 0.6467140672123377 0.590698671342301 0.7204575576027721 0.006064668083596517 0.7204575576027721
2 0.009703468933754436 0.8036347606592852 0.36873181948266864 0.8036347606592852 0.36873181948266864 0.8379343657843008 0.009703468933754436 0.8379343657843008
0 0.37600942118298436 0.8053497409155361 0.4330173011687918 0.8053497409155361 0.4330173011687918 0.8387918559124262 0.37600942118298436 0.8387918559124262
0 0.013342269783912343 0.8413643262968019 0.7204825054107803 0.8413643262968019 0.7204825054107803 0.9193954495701663 0.013342269783912343 0.9193954495701663
2 0.7386765725820564 0.9048185957780814 0.9897538312429526 0.9048185957780814 0.9897538312429526 0.9699878455156113 0.7386765725820564 0.9699878455156113
0 0.007277601700315825 0.9159659674437115 0.7301860372650214 0.9159659674437115 0.7301860372650214 0.9759902764124889 0.007277601700315825 0.9759902764124889
0 0.0060646680835965226 0.7264606491279999 0.5797822687918275 0.7264606491279999 0.5797822687918275 0.7942023692499058 0.0060646680835965226 0.7942023692499058
