2 0.24889155709919425 0.01771361705189677 0.3908766735651776 0.018107252986383365
2 0.1224969632255542 0.049204491810824355 0.18040461856854345 0.016532709248436986
0 0.06904374290894873 0.07833355096283234 0.1135880931727866 0.02283088420022249
1 0.1308490289000238 0.13580439739787523 0.25724362277366386 0.08738717745602406
1 0.41092163118390457 0.12832531464262992 0.17817740105535151 0.10706897418035383
1 0.37974058599921784 0.23893701223336286 0.22272175131918912 0.1015580710975414
0 0.25334599212557807 0.3239623740824675 0.4532387639345506 0.03227814662790074
0 0.07795261296171634 0.35505961290690846 0.10690644063321096 0.023618156069195706
2 0.11804252819917042 0.3873377595348093 0.126951398251938 0.022043612331249348
2 0.1731661616506698 0.4207968139661699 0.23497144764174485 0.018107252986383316
2 0.1185993325774684 0.45543677620099016 0.1859726623515232 0.018107252986383385
2 0.16425729159790223 0.49047037437029717 0.275061362879199 0.017319981117410135
2 0.1748365747855637 0.5333766912293361 0.338537062005168 0.01968179672432967
0 0.2772885803923909 0.38694412360032276 0.16481409597620023 0.02283088420022253
0 0.29120868984983966 0.4538622324630435 0.13029222452172556 0.0338526903658468
0 0.3947743042132633 0.49322582591170333 0.15701883468002859 0.022830884200222456
0 0.42317132750646 0.545973041132907 0.15590522592343262 0.04329995279352538
0 0.33241221384389036 0.42119044990065646 0.0590212640995852 0.02046906859330292
0 0.09409993993235755 0.595571168878218 0.18151822732513942 0.049598127745310874
0 0.047885176533625735 0.6680001808237515 0.08908870052767578 0.041725409055579095
0 0.09521354868895351 0.7370511957629544 0.18151822732513942 0.08502536184910468
2 0.22661938196727527 0.799639309346323 0.4421026763685911 0.02283088420022267
0 0.5840877928345745 0.8732492290953161 0.09465674431065552 0.03936359344865949
0 0.42428493626305597 0.8366410871880628 0.22272175131918956 0.01810725298638346
2 0.2873110592017544 0.8358538153190898 0.026726610158302754 0.01810725298638346
2 0.7288569311920474 0.8732492290953163 0.15033718214045294 0.015745437379463708
1 0.12639459387364002 0.9055273757232172 0.25056197023408816 0.1826470736017801
1 0.39811513048305114 0.9196982693647345 0.21938092504940157 0.1369853052013349
