1 0.1731099102501408 0.08696645793258381 0.3335381825563847 0.1631741837911565
2 0.28534511338123975 0.04662119070270451 0.11921084736816233 0.016138104474013096
2 0.5339124121488975 0.030483086228691416 0.36777814613582016 0.030483086228691416
0 0.4622590836776084 0.06769038265488829 0.21178948415407567 0.038552138465697966
0 0.6315638509504774 0.06903522469438939 0.10906524333682946 0.041241822544700144
0 0.806575520490971 0.07038006673389047 0.23081249171282509 0.038552138465697966
0 0.48064800628003523 0.1116218893316156 0.23334886212938497 0.043931506729752316
0 0.47430698846481617 0.15734651909885242 0.24603089775982448 0.047517753016821346
0 0.7393608937833902 0.15600167658212666 0.27139490783815695 0.0537936815800437
0 0.45908858241781686 0.1985883411663279 0.11667444636032911 0.02241403399168483
0 0.5009391990470654 0.2496923386673694 0.4717705874569831 0.06544897925571981
0 0.835110031829095 0.2470026545883672 0.17881627105224368 0.05827648837838062
0 0.17945037130420188 0.34607268483161424 0.35890074260840377 0.04841431342203933
0 0.17945037130420194 0.40928026068816564 0.35382794059273737 0.06365585653638497
0 0.6347343522102689 0.4083836993284982 0.4857207930000659 0.051103997501041505
2 0.8446215356084698 0.19500209572765834 0.16993886752482723 0.020620911272350072
2 0.3240252287506967 0.1976917798066605 0.1280882508955787 0.03137964758835882
1 0.09574913804570491 0.20396770932433228 0.15091585996607793 0.06724210197505456
1 0.12174724837599563 0.2774857408170586 0.22320328868932532 0.06724210197505463
2 0.047456745179766925 0.46755674906654837 0.09237708935170051 0.04931087478170677
1 0.1439407571945365 0.5500403941559466 0.28027231136557323 0.11386329267775913
2 0.15662250832614164 0.551833515920832 0.06721375179718944 0.018827786644116228
2 0.17374309582305336 0.5321091669625986 0.05833647675311732 0.020620911272350117
2 0.09321220169060411 0.5392816578399379 0.05453155097387948 0.026000279430354444
2 0.07672537182339917 0.5168676238482529 0.051994703333468714 0.013448420395010971
2 0.27773591035774 0.6235584256486729 0.5529354197076468 0.027793402149689186
2 0.7507746983186396 0.6540415118773644 0.29929531892432254 0.026000279430354566
2 0.6829259713591004 0.6804900719875525 0.18388907306790997 0.017931227193347894
2 0.8680832449309271 0.6786969492682177 0.16613426601307738 0.017931227193347752
2 0.9124702625680089 0.6993178605405678 0.057069022676247985 0.017931227193347894
2 0.6911692746345586 0.7029041059792374 0.20037567961882616 0.026896840790021626
2 0.7875525129322218 0.7239732979314211 0.24349449675199125 0.024207156711019594
2 0.16867066702091066 0.7504218580416092 0.3246593290026551 0.030483086228691433
2 0.058337223180164564 0.6683864936320427 0.08623763426633023 0.020620911272350072
1 0.13125875215537028 0.6742141424698807 0.2422262962480746 0.07351803149272648
1 0.3925080559621943 0.6786969492682177 0.22700789020107526 0.07172490877339158
0 0.1581091532930412 0.4650969247340589 0.12228940997583809 0.039360794971411296
0 0.30525413440217974 0.4654483604034465 0.16006987809845474 0.038657923632636086
