2 0.11363148958984898 0.014773776546629733 0.21420188842224405 0.020313942751615882
0 0.4303629404581062 0.019390581717451526 0.40881214070830724 0.0332409972299169
2 0.049632144878324846 0.041089566020313946 0.09403985345366812 0.0286241920590951
0 0.22073243380097096 0.04385964912280702 0.2298751973311887 0.02677746999076639
0 0.20701828850564438 0.07756232686980609 0.3565677776784916 0.04062788550323175
2 0.24554850624013344 0.11449676823638041 0.48064813987430377 0.02770083102493075
0 0.5426883209722098 0.11449676823638041 0.1031826169838859 0.02770083102493075
2 0.43493432222321504 0.1486611265004617 0.19330414321031775 0.03139427516158819
0 0.7836654454472343 0.10295475530932593 0.3474250141482738 0.030470914127423823
0 0.7915020999017066 0.13896583564173592 0.38660828642063566 0.02677746999076639
0 0.7941143180531975 0.1731301939058172 0.31607839633038465 0.03231763619575256
0 0.16065141631668303 0.1763619575253924 0.32130283263336606 0.049861495844875335
2 0.15803919816519227 0.22299168975069253 0.3056295237244214 0.023084025854108958
0 0.36505748667083665 0.2234533702677747 0.0927337443779227 0.03508771929824562
2 0.11689676227921245 0.2613111726685134 0.22595687010395257 0.03139427516158822
0 0.31803755994400257 0.26546629732225296 0.1658758526196646 0.03970452446906741
2 0.1110192714383582 0.3097876269621422 0.21420188842224405 0.03416435826408129
0 0.30105814195931246 0.30932594644505995 0.15803919816519219 0.0369344413665743
1 0.1358353438775206 0.4519852262234534 0.24816072439162418 0.1819021237303786
2 0.19918163405117198 0.35133887349953824 0.3017111964971851 0.02308402585410928
2 0.2899562148154767 0.3767313019390582 0.35003723229976463 0.03139427516158811
2 0.26840541506567783 0.43213296398892 0.18938581598308155 0.040627885503231785
0 0.41534268608703423 0.458910433979686 0.09403985345366805 0.03878116343490298
2 0.6106059929109701 0.26361957525392427 0.3617922139814732 0.04339796860572484
2 0.66872784678164 0.3679593721144968 0.3369761415423108 0.03231763619575254
2 0.09208068984005005 0.5706371191135733 0.1841613796801001 0.02216066481994461
0 0.36375137759509124 0.5706371191135733 0.3330578143150745 0.057248384118190006
2 0.03657105412087094 0.6084949215143121 0.07314210824174187 0.025854108956602034
2 0.03591799958299824 0.6329639889196677 0.06661156286301492 0.017543859649122737
0 0.10252956244601316 0.6098799630655587 0.05355047210556101 0.01569713758079402
0 0.09208068984005002 0.6338873499538319 0.05093825395407023 0.012003693444136659
0 0.05420352664343371 0.6583564173591874 0.06138712656003335 0.02031394275161574
0 0.1528147618622107 0.6574330563250231 0.08097876269621423 0.025854108956602177
2 0.2984459238078217 0.6962142197599261 0.5838307568581895 0.029547553093259467
2 0.06269323563577875 0.7266851338873499 0.11754981681708516 0.02031394275161574
2 0.37615941381467244 0.7294552169898431 0.28734399666398586 0.0221606648199446
0 0.16979417984690076 0.7257617728531855 0.09926428975664969 0.0221606648199446
2 0.07640738093110534 0.7530009233610342 0.14236588925624757 0.024930747922437605
0 0.3036703601108033 0.7543859649122808 0.2938745420427129 0.024007386888273318
2 0.17305945253626426 0.8204062788550323 0.3356700324665654 0.02308402585410889
0 0.45779123104875935 0.8217913204062788 0.21028356119500785 0.02770083102493075
0 0.14693727102135642 0.8573407202216066 0.280813451285259 0.036011080332409906
0 0.23444657909629762 0.9048938134810711 0.1110192714383582 0.0443213296398892
0 0.3611391594436004 0.9473684210526315 0.7066050099782563 0.040627885503231626
0 0.12865174396092097 0.9792243767313019 0.2520790516188604 0.03970452446906748
2 0.6824419920769665 0.4547553093259465 0.2546912697703512 0.030470914127423823
2 0.7758287909927607 0.502308402585411 0.3630983230572179 0.06648199445983376
0 0.904480534953683 0.4538319482917821 0.16326363446817382 0.02123730378578031
