0 0.42816556670191447 0.0317271347406395 0.8539052661703903 0.06002430896877743
0 0.27109066333676446 0.08789271155585007 0.5373295922066517 0.050591864405392914
1 0.5803887356001872 0.17664288286610827 0.2801876654621594 0.12690852377569936
0 0.13463563145584279 0.13977089088443886 0.26441952844480837 0.037729565637517254
0 0.1382744323060007 0.1787866917141442 0.266845395678247 0.03515709525314108
0 0.19770817952524664 0.22380489306701 0.39541635905049327 0.060024339342494584
2 0.2698777297200453 0.27182433644531734 0.5300519905063362 0.027439615759148772
0 0.1946758391913997 0.30398023143687813 0.3796482220331423 0.03344215296403682
0 0.4930584338355025 0.3348498570658183 0.6319402767571621 0.03515709525314103
1 0.6925850951467228 0.4107377713720628 0.30565927141326477 0.11490367716880251
0 0.17890767071380542 0.38329805310161835 0.350537777479587 0.046304535259634856
0 0.2589613271695715 0.4356049850876991 0.4985157164716342 0.05144940768752349
2 0.04063327616009671 0.4870543927752226 0.05700787998580732 0.025724703843761604
0 0.09097002125394785 0.492199333543975 0.036388008501579146 0.025724703843761815
2 0.12493216252208836 0.49091309835178676 0.024258672334386108 0.01800729269063325
0 0.16010723740694818 0.4926280786080376 0.03881387573501769 0.026582193971887023
2 0.32809848354810944 0.4887693008938949 0.2874652105340371 0.03086959145850905
0 0.10249289061278122 0.5230689781564891 0.18800471059149218 0.030869644612514194
0 0.08611828678707062 0.5543673678330658 0.15040376847319376 0.02658219397188695
0 0.1358485650725621 0.5848082673815174 0.25229019227761534 0.029154664356263352
2 0.08672475359543026 0.6191078725065329 0.1661719054905447 0.03086964461251412
2 0.28746526716247517 0.6199653626346584 0.15282963570663238 0.03086964461251412
0 0.18982411101657115 0.6173928922502822 0.037600942118298446 0.029154664356263352
2 0.03699447530993879 0.6525499875034231 0.05943374721924592 0.022294743331260206
0 0.1297838969889656 0.6581236733362382 0.10916402550473743 0.031727134740639686
2 0.1570749033651499 0.6949957830160619 0.30687220502998397 0.028297105887274347
0 0.36448655182415096 0.6962819840378183 0.09582175572082498 0.029154664356263425
0 0.5646205985828362 0.6975682192300063 0.2777617982287208 0.03172713474063954
1 0.26927126291168557 0.7749088413670845 0.5264131896561781 0.1277660290906833
2 0.03638800850157914 0.8585141288593102 0.05579494636908801 0.027439684100012584
1 0.12675156294716727 0.8628015794999372 0.10552522465457943 0.029154664356263425
1 0.15464903613171133 0.9348307502624701 0.29959460332966825 0.11490367716880243
1 0.5306584573146957 0.9318295348140314 0.28503939992903654 0.12776602909068344
