2 0.21960428659736617 0.01440771359582423 0.4275628913297205 0.02528700753552824
2 0.11812048748797727 0.04645752547224956 0.21960428659736617 0.024698937592841544
0 0.476641122046556 0.04851577027165301 0.4874549694926384 0.034696126618515476
2 0.7008204979480341 0.023816832678811486 0.2071267703134249 0.027639287306275063
2 0.13683676191388913 0.07850733734867488 0.2553731666113311 0.025287007535528226
0 0.3181766652405021 0.07968347723404828 0.09233362050116539 0.025287007535528233
0 0.2449752363747134 0.1093810093397268 0.47497745320869733 0.02822735724896175
2 0.30486731453763144 0.13937257641674866 0.5082508299658739 0.02587507747821494
0 0.11479314981225959 0.17377466806392078 0.21960428659736617 0.04175296593075592
0 0.11853640469744196 0.21052903948183974 0.2270907963677309 0.02705121736358837
2 0.5327899453242918 0.21552763399467673 0.5864432653452392 0.024110867650154796
0 0.17177380750892468 0.24346095627229514 0.3285745954771198 0.030579637019708557
0 0.14723469215050686 0.27433462826334704 0.2861510401117195 0.020582447994034574
2 0.04242355536540028 0.3049142652830556 0.07486509770364756 0.017054028337914424
0 0.3514500419976787 0.3049142652830556 0.5298785248580385 0.03234384684776855
0 0.21045410798914255 0.342844776586348 0.40593519643755555 0.03881261621732243
0 0.20296759821877783 0.3787170430902369 0.39262584573468495 0.03293191679045549
0 0.3111060726796021 0.4178236942789026 0.6122301323320511 0.04763366535762279
0 0.2890624605779725 0.46898577929264584 0.558160895101639 0.044105245701502725
0 0.26410742801009 0.5180896195069856 0.5099144988037329 0.05057401507105645
2 0.19506517123894834 0.5601366204090847 0.38014832945074367 0.02175858787940811
0 0.2067108531039602 0.5915983623428235 0.4034396931807674 0.03175577690508199
2 0.211285942408072 0.619531684620442 0.41591720946470867 0.01587788845254103
0 0.5165691741551681 0.619531684620442 0.18133990332661298 0.029991567077021913
0 0.09898829585260067 0.6492292167261203 0.18466724100233065 0.030579637019708415
0 0.1597122084344481 0.6742221892903052 0.054901071649341535 0.015877888452540817
2 0.16636688378588346 0.6959807771697132 0.3277427610581904 0.01940630810866125
0 0.35560921409232593 0.6980390219691168 0.03743254885182374 0.018818238165974464
2 0.13517309307603032 0.7271484841321086 0.26036417312490756 0.02411086765015483
1 0.06821042235221224 0.7809568838879417 0.11812048748797731 0.056454714497923504
2 0.35186595920714353 0.7694895200055512 0.07153776002792991 0.058218924325983606
2 0.06280349862917102 0.823591954732728 0.10231563352831835 0.0229347277647814
2 0.15846445680605398 0.7877196882288389 0.10897030887975363 0.01470174856716767
2 0.2599482559154429 0.7691954850342078 0.06405125025756508 0.018818238165974464
2 0.4687386950667266 0.7762523243464483 0.14889836098836576 0.03175577690508206
2 0.6226280625686688 0.7703716249195813 0.1006519646904595 0.03175577690508192
0 0.08276752468347702 0.8529954518670629 0.1488983609883657 0.029991567077021983
0 0.25870050428704866 0.8518193119816896 0.18965824751590707 0.031167706962395174
2 0.44503141412723835 0.8544656267237797 0.17302155913731887 0.019994378051347895
0 0.6305304895484983 0.8553477316378099 0.12144782516369496 0.04645752547224944
0 0.0578124921155945 0.9132596834537111 0.10397930236617717 0.027639287306275122
0 0.14765060935997157 0.9544245794417805 0.2786645303413548 0.04292910581612929
2 0.24788665684096636 0.8847382912334061 0.4874549694926385 0.024698937592841617
