2 0.17305945253626412 0.014312096029547552 0.3278333780120928 0.023084025854108955
1 0.11820287135495784 0.07617728531855955 0.220732433800971 0.09325946445060017
0 0.28799705120185864 0.04339796860572484 0.10840705328686742 0.022160664819944605
0 0.30432341464867596 0.07479224376731301 0.11232538051410355 0.025854108956602024
0 0.4270976677687432 0.09833795013850416 0.30301730557293083 0.04524469067405348
2 0.26383403330056887 0.12603878116343492 0.04179549042385247 0.024930747922437692
0 0.3983632681023441 0.13111726685133887 0.2115896702707532 0.02585410895660205
0 0.1515086527864653 0.1662049861495845 0.190691925058827 0.03324099722991692
0 0.09926428975664969 0.20083102493074795 0.10187650790814047 0.01754385964912281
2 0.03983632681023442 0.23130193905817173 0.06661156286301492 0.026777469990766356
0 0.21616105203586217 0.23545706371191139 0.2729767968307866 0.038781163434903086
0 0.2161610520358621 0.27146814404432135 0.13452923480177523 0.02585410895660207
0 0.21746716111160752 0.30609418282548473 0.13975367110475678 0.03970452446906744
0 0.7098702826676196 0.11218836565096954 0.24946683346736948 0.05078485687903969
0 0.7719104637655257 0.15881809787626963 0.3735471956631817 0.0313942751615882
0 0.7386046823340183 0.20129270544783012 0.3147722872546392 0.03878116343490305
0 0.7405638459476365 0.24238227146814403 0.47281148541983137 0.04709141274238231
0 0.7105233372054924 0.2894736842105263 0.44407708575343285 0.04155124653739613
0 0.6948500282965477 0.3259464450600184 0.3422005778452924 0.04801477377654656
0 0.16326363446817382 0.3642659279778394 0.16718196169540994 0.034164358264081256
0 0.18350832514222737 0.40258541089566025 0.21289577934649867 0.03878116343490305
2 0.43689348583683313 0.37857802400738694 0.2468546153158788 0.024007386888273245
0 0.4133835224734161 0.40535549399815324 0.12146814404432135 0.025854108956602104
2 0.6053815566079885 0.40581717451523547 0.15803919816519227 0.01754385964912281
0 0.7745226819170165 0.4081255771006463 0.16456974354391932 0.03508771929824562
0 0.411424358859798 0.44228993536472766 0.12016203496857586 0.029547553093259467
1 0.08881541715068655 0.5083102493074793 0.13322312572602985 0.1024930747922437
2 0.10710094421112201 0.590027700831025 0.2037530158162809 0.02770083102493075
0 0.1952633068239359 0.6389658356417359 0.3853021773448902 0.055401662049861355
0 0.3846491228070175 0.69067405355494 0.24946683346736964 0.046168051708217916
0 0.07575432639323265 0.7308402585410895 0.13322312572602985 0.05817174515235465
0 0.05812185387066988 0.7811634349030472 0.10840705328686742 0.038781163434902906
0 0.20767134304351711 0.7839335180055403 0.10971316236261282 0.04432132963988906
0 0.35395555952700086 0.7797783933518005 0.09926428975664965 0.024930747922437605
0 0.35264945045125545 0.8190212373037857 0.11754981681708515 0.049861495844875495
2 0.09338679891579543 0.857802400738689 0.1815491615286093 0.02770083102493075
1 0.10579483513537663 0.9053554939981532 0.1828552706043547 0.0581717451523545
2 0.29387454204271285 0.9030470914127423 0.13322312572602982 0.03693444136657433
0 0.495015339707503 0.7802400738688827 0.14889643463497448 0.029547553093259467
0 0.5511780299645548 0.8199445983379502 0.21681410657373484 0.046168051708217916
2 0.7666860274625442 0.6731301939058172 0.14367199833199293 0.025854108956602034
2 0.8130528996515055 0.70129270544783 0.12146814404432149 0.02123730378578017
2 0.7954204271289429 0.7257617728531855 0.20897745211926264 0.02770083102493075
2 0.7079111190540017 0.5757156048014774 0.15673308908944683 0.02123730378578017
2 0.8208895541059779 0.6020313942751616 0.22073243380097096 0.01662049861495845
2 0.8424403538557769 0.6260387811634349 0.25077294254311494 0.0221606648199446
1 0.6315037381228963 0.6292705447830101 0.12408036219581213 0.0581717451523545
1 0.6197487564411879 0.698522622345337 0.11363148958984909 0.06371191135734079
