0 0.07670463944573715 0.01692933277640988 0.08905221555163631 0.026452082463140437
0 0.27314335022140485 0.06216239394482463 0.5417966727679373 0.04496853987445
0 0.06510540128565007 0.10633737140795783 0.11973407132993116 0.040207165531706834
0 0.09541308809103889 0.16294482797294507 0.17885276904908465 0.062426914613011454
0 0.36369224166466596 0.1476026201443236 0.27089833638396926 0.05184608162775524
2 0.7846323361839552 0.017193853601041288 0.3838973662015919 0.033329623903556954
2 0.7760264498071163 0.04629114431049576 0.3621955657730418 0.019574541022723917
2 0.6473123231274401 0.06956897662774816 0.1047673124136897 0.02486495801597442
1 0.6259847386050581 0.17379018178283243 0.26116984922188957 0.09787270511361948
0 0.07852199087507448 0.22359899355962873 0.15045472377461824 0.05124143602408157
0 0.21305267454216015 0.22321080086247658 0.08126751503154563 0.05201782141838585
1 0.12190127254731843 0.3113305431160108 0.23940970644428305 0.11801057993424856
1 0.38437338190595904 0.31249512120746725 0.26796315767158285 0.12499804848298687
0 0.0574087587951038 0.40294401964391424 0.10921725357783743 0.02639710340634508
0 0.11750843389696464 0.4386577477819105 0.23282044846875233 0.04192481129243042
0 0.26357031902122907 0.4891227984116878 0.5227477993921043 0.05279420681269002
2 0.6957158212497858 0.47514786131421105 0.2690613673341712 0.04192481129243028
0 0.051066749310363126 0.5329885731898788 0.09774065997037244 0.03338457195508347
2 0.24874448857628487 0.5659849524478102 0.4887032998518621 0.031055415772170605
1 0.12190127254731845 0.6513873458212796 0.23282044846875233 0.13509105860894238
1 0.40084652684478583 0.6634272769537992 0.29651660889888265 0.16537008898680866
1 0.686930143949078 0.646729033455454 0.22074014218027926 0.13198551703172526
2 0.3448378340527746 0.774832623515658 0.6786935714796647 0.031055415772170678
1 0.17955727983321224 0.8551885118261495 0.35032888236571685 0.11568142375133576
0 0.46237147157268405 0.8171456275052398 0.15809178416684747 0.036490113532300514
0 0.5073728641158654 0.8493656209556103 0.20865983589180634 0.04037204133033673
0 0.48046672738244894 0.8932313965603157 0.15484756242497227 0.03959565593603162
2 0.4579534292993855 0.9382617490167058 0.9049247619728864 0.04270119668673459
2 0.2679631576715828 0.9817393310977447 0.5359263153431656 0.03649011353230065
2 0.445462928232058 0.26162790697674415 0.11787634408602145 0.031007751937984482
2 0.3920072379810277 0.7131782933128514 0.24123503110084005 0.023255811431904805
2 0.3824122616950708 0.7354651162790702 0.21656245787376252 0.021317829457364455
2 0.45916936084438165 0.6075581426295547 0.15625445062099672 0.029069761252519016
2 0.0657914478619655 0.8420542635658914 0.131582895723931 0.025193798449612358
2 0.315250687671918 0.8352713178294573 0.1151350337584396 0.03875968992248062
2 0.20011565391347838 0.8013565891472868 0.1918917229307327 0.017441860465116293
0 0.36185296324081023 0.028100775193798447 0.06030882720680175 0.021317829457364337
