0 0.2065572021515161 0.035820870038280134 0.40420627698652484 0.06534356512477474
2 0.11190834941362465 0.10785624604932698 0.15923277578257042 0.018894524855356566
0 0.1375192154485835 0.1523371066463122 0.18150309407383894 0.06691810886272112
0 0.15088140642334466 0.20114796252264994 0.11023807554177947 0.02283088420022249
2 0.4971848558525711 0.20154159845713657 0.4888334864933455 0.0251926998071421
0 0.8206612290332472 0.19996705471919016 0.129167846089358 0.022043612331249313
2 0.18595715773209193 0.22555339046081835 0.35187102900204226 0.02283088420022214
0 0.5055362252117965 0.2617678964335853 0.21824911925443144 0.08738717745602394
2 0.23161131022919282 0.323962374082467 0.42981714302148283 0.019681796724330337
2 0.08407045154953892 0.34876143795512304 0.08796775725051091 0.017319981117410208
0 0.35465481878845223 0.352697797299989 0.4108873724739054 0.02676724354508842
0 0.4303739009787653 0.4896831025013239 0.4420658180816812 0.025192699807142054
1 0.19597880096316345 0.4192222702282234 0.2048869282796709 0.10628170231138043
0 0.047324426368945724 0.37277322995880513 0.08796775725051088 0.019681796724329573
2 0.11524889715731494 0.4881085587633776 0.14809761663693607 0.017319981117410208
2 0.3028763287612528 0.5125139867015465 0.5901634347186175 0.018894524855356493
2 0.21490857151074164 0.5499094004777726 0.3229196152233942 0.0212563404622768
2 0.3613359142758325 0.5743148284159415 0.6825852556273816 0.019681796724330434
0 0.7844719618099358 0.5744795548199907 0.1258272983456675 0.018107252986383385
0 0.15143816438062635 0.6016404342995658 0.28951413778649154 0.03149087475892763
0 0.30231957080397 0.6453340230275769 0.5912769506331789 0.040150865317633316
0 0.20321665440782577 0.6980812382487815 0.39529814967001725 0.048023584007364804
0 0.11524889715731491 0.750041181601012 0.2171356033398687 0.04802358400736452
0 0.22548697269909446 0.7984584015428632 0.4331576907651741 0.02991633102098106
2 0.2722546411107585 0.8370347231225495 0.5356011549050096 0.02204361233124928
0 0.3078871503767882 0.8760046806367224 0.6024121097788152 0.04487449653147195
0 0.27448167293988496 0.9464655129098223 0.5378281867341357 0.037789049710712105
