1 0.3983302705794165 0.08408187224221932 0.761800234338498 0.14786812015010983
2 0.38653928444900904 0.19570780608102772 0.7587243249131742 0.04059124866865755
1 0.09022667647616128 0.2594940539889183 0.17020032153457695 0.08553155969467138
0 0.32245783808809914 0.24209780455949353 0.17942804981054802 0.04928937338336994
0 0.3316855663640702 0.2863132718592813 0.195832900078941 0.0347924988588494
0 0.17789009509788614 0.33093028661241525 0.3557801901957723 0.05154215574251449
0 0.10099235946479414 0.38271748744734313 0.18763047494474447 0.04928937338336986
2 0.19993411264603914 0.4349062357356172 0.3834633750236853 0.03914156121620557
2 0.07587243249131743 0.46824904714201454 0.13123880214714367 0.02609437414413712
0 0.2711926809993711 0.4696987345944666 0.25324987601831633 0.023194999239232957
0 0.34757776506157584 0.5139142018942542 0.19890880950426468 0.05073906083582194
0 0.29938851739817146 0.5715392781292234 0.09842910161035771 0.04711484220469174
1 0.11790986130407438 0.5360219355441481 0.23581972260814876 0.08770609087334953
0 0.14815630398642393 0.6233656045543846 0.2778571514209058 0.04928937338337001
2 0.183016600169314 0.6828027901049188 0.3516789989035638 0.057987498098082284
2 0.6741368157167732 0.6965748209032134 0.6223590070571581 0.0739340600750549
0 0.11380864873697615 0.7360788039825321 0.21531365977265757 0.04421546729978758
2 0.05741697593937536 0.7773948963774157 0.09637849532680864 0.03406765513262329
0 0.3629573121881941 0.7802942584447387 0.5085503583201817 0.04131611807004599
1 0.11944781601673621 0.8531410914431984 0.23069320689927594 0.09712900796396334
