2 0.1416447648553012 0.016951014706574792 0.2726328702857521 0.02887950653712742
2 0.3365728268348536 0.016951014706574792 0.115447143769211 0.03013513725613296
2 0.3285803322662159 0.07345439706182409 0.12077547348163616 0.03013513725613296
0 0.552370180188071 0.031390767975138505 0.3143714530330823 0.059014643793260387
0 0.5767916913700196 0.09166104248740442 0.37031891501354613 0.0565033823552493
2 0.0959099348236522 0.12336571814229431 0.17761099041417075 0.02699606045861909
1 0.07592869840205801 0.19022805392933934 0.13942462747512407 0.1029617189584543
2 0.4497998332238875 0.20184263808014055 0.5781237737981259 0.0345298447726524
1 0.16029391884878913 0.3305447867782085 0.3081550683685863 0.1688823317062452
1 0.6145340268330308 0.32803352534019736 0.4386991463230018 0.16762670098723959
2 0.1678423859413914 0.4470045359659723 0.32502811245793256 0.025112614380110827
1 0.12255158338577782 0.5254814559038186 0.23622261725084712 0.12556307190055407
1 0.3942963987194591 0.5254814559038185 0.27352092523782295 0.12430744118154849
1 0.1434208747594429 0.6767849575439862 0.27440898018989385 0.17453266994177022
1 0.4906503610191468 0.6538696969221349 0.254871771244335 0.1249352565410512
1 0.47244523450169423 0.7822579379404515 0.26286426581297273 0.11677365686751529
0 0.05772357188460551 0.7781771381036835 0.10301437444021905 0.025740429739613546
2 0.15585364408843483 0.781002307221446 0.08436522044673107 0.027623875818121774
0 0.15141336932808058 0.8415864894134633 0.279737309902319 0.055875566995746626
2 0.14919323194790346 0.8977759640889612 0.23799872715498885 0.03139076797513866
0 0.3241400575058617 0.9006011332067237 0.10834270415264417 0.030762952615635726
2 0.7910012279035216 0.4877417967837154 0.29592062740462555 0.027857281792409552
0 0.662743201404389 0.5134141937296615 0.022406522701655548 0.015840415136860457
2 0.682445488607569 0.5131410831238534 0.01545277427700384 0.01092442423231752
0 0.7025340951676741 0.5139604149412774 0.023179161415505974 0.019117742406555605
2 0.8423817023745596 0.5161452997877408 0.2534254981428644 0.022395069676250826
0 0.6797412531090933 0.5336243785594488 0.06258373582186592 0.019117742406555605
0 0.8242246925990799 0.5560194482356997 0.21402092373650447 0.05298345752673967
2 0.9625270344023695 0.5404521703082265 0.05640265015927535 0.02949596961233017
