1 0.16587585261966464 0.20129270544783012 0.3317517052393293 0.12927054478301014
1 0.49697450332112114 0.1994459833795014 0.2651401423763143 0.1329639889196676
1 0.11950898043070322 0.34764542936288095 0.23118130640693413 0.10803324099722993
2 0.1795899979149912 0.01939058171745152 0.34350668692103775 0.02400738688827331
2 0.08750930807494116 0.04893813481071099 0.16195752539242844 0.02954755309325947
2 0.05420352664343371 0.11634349030470915 0.07967265362046884 0.02216066481994462
2 0.46301566735174093 0.11865189289012003 0.3226089417091114 0.021237303785780242
2 0.23575268817204298 0.4219759926131117 0.4636687218896136 0.02770083102493082
2 0.08946847168855925 0.44875346260387816 0.1658758526196646 0.020313942751615955
2 0.5661982843356267 0.4903047091412742 0.2964867601942037 0.020313942751615813
2 0.5675043934113723 0.5083102493074793 0.15803919816519232 0.019390581717451526
2 0.25730348792184193 0.5710987996306556 0.4989336669347392 0.02677746999076632
2 0.4231793405415065 0.6112650046168051 0.30824174187591225 0.03508771929824562
2 0.18612054329371816 0.6371191135734072 0.364404432132964 0.03139427516158819
2 0.35722083221636425 0.7359187442289936 0.6987683555237838 0.03139427516158819
2 0.2964867601942036 0.7663896583564173 0.585136865933935 0.024007386888273318
2 0.08424403538557769 0.943213296398892 0.1528147618622107 0.030470914127423754
0 0.4884847943287761 0.024930747922437674 0.2664462514520597 0.0443213296398892
0 0.2559973788460965 0.048014773776546636 0.17240639799839155 0.029547553093259456
0 0.11624370774133976 0.0794090489381348 0.2194263247252256 0.031394275161588166
0 0.19918163405117206 0.11819021237303787 0.19983468858904474 0.03508771929824563
2 0.09403985345366812 0.28301015697137555 0.17763083430137314 0.02308402585410894
0 0.23705879724778825 0.2839335180055402 0.09795818068090423 0.021237303785780273
0 0.29387454204271285 0.4538319482917821 0.21681410657373487 0.03231763619575261
0 0.19526330682393586 0.4879963065558634 0.33305781431507453 0.03785780240073869
0 0.194610252286063 0.5373961218836564 0.33175170523932884 0.04616805170821786
2 0.014367199833199295 0.4879963065558634 0.023509963363417027 0.023084025854108958
2 0.015673308908944684 0.528624192059095 0.02873439966639859 0.02862419205909518
0 0.13126396211241173 0.6075715604801478 0.25730348792184193 0.03139427516158819
0 0.10383567152175853 0.677746999076639 0.1919980341345724 0.040627885503231764
0 0.27950734220951357 0.6712834718374885 0.1097131623626128 0.024007386888273318
0 0.27624206952015007 0.6971375807940905 0.10579483513537663 0.0221606648199446
0 0.1391006165668841 0.8079409048938134 0.26775236052780504 0.048014773776546636
0 0.4695462127304678 0.8568790397045244 0.9390924254609356 0.07756232686980609
0 0.0822848717719596 0.9012003693444137 0.1488964346349745 0.042474607571560484
0 0.4741175944955768 0.9478301015697138 0.6008101748428797 0.04709141274238235
