0 0.12212119858219403 0.03693444136657433 0.24163017901289727 0.06094182825484764
0 0.46824010365472246 0.03878116343490305 0.43493432222321504 0.0664819944598338
2 0.21354883388437135 0.08818097876269622 0.41403657701128876 0.03601108033240998
0 0.13910061656688405 0.13204062788550322 0.27297679683078657 0.051708217913204034
0 0.16652890715753726 0.1786703601108033 0.32522115986060224 0.03601108033241001
0 0.18807970690733625 0.22206832871652818 0.28473177851249515 0.03785780240073869
1 0.18612054329371816 0.3102493074792244 0.36701665028445474 0.13111726685133893
1 0.5368108301313551 0.30747922437673125 0.284731778512495 0.15143120960295461
2 0.23640574270991568 0.40443213296398894 0.46236261281386826 0.024007386888273387
2 0.29779286926994897 0.43536472760849493 0.572075775176481 0.024930747922437674
1 0.16456974354391923 0.5078485687903971 0.31607839633038454 0.11080332409972293
1 0.12603952580943018 0.6265004616805171 0.24163017901289724 0.11911357340720215
1 0.13714145295326602 0.7599261311172668 0.2716706877550412 0.12188365650969529
1 0.6399934471152413 0.7516158818097876 0.23509963363417022 0.08125577100646339
1 0.17371250707413693 0.9099722991689752 0.31607839633038454 0.1449676823638042
1 0.5400761028207189 0.9247460757156049 0.3017111964971852 0.11357340720221601
2 0.03722410865874363 0.8970452446906739 0.0692237810145057 0.052631578947368356
2 0.3062825782622941 0.7673130193905817 0.20244690674053548 0.020313942751615882
2 0.04832603580257946 0.5221606648199446 0.09142763530217735 0.0415512465373962
0 0.47607675810919486 0.4750692520775624 0.25730348792184204 0.024930747922437674
0 0.5028519941619753 0.5106186518928901 0.21681410657373476 0.03324099722991683
0 0.6066876656837339 0.5586334256694367 0.43493432222321515 0.0443213296398892
0 0.44668930390492356 0.6149584487534626 0.3683227593602001 0.03508771929824562
0 0.31607839633038454 0.6555863342566944 0.10710094421112203 0.03693444136657433
2 0.6119121019867155 0.6574330563250231 0.46889315819259525 0.02954755309325961
0 0.27101763321716843 0.47045244690674054 0.12146814404432128 0.023084025854108958
2 0.41730184970065226 0.8938134810710988 0.07967265362046881 0.020313942751615882
2 0.6217079200548059 0.8628808864265929 0.47281148541983137 0.036011080332410045
0 0.12734563488517558 0.9690674053554941 0.0822848717719596 0.03970452446906734
2 0.6321567926607691 0.45106186518928904 0.17240639799839158 0.02123730378578017
0 0.5564024662675364 0.09187442289935363 0.1828552706043547 0.032317636195752536
0 0.6674217377058946 0.128808864265928 0.4153426860870341 0.03601108033240999
0 0.6569728650999314 0.17959372114496766 0.38660828642063555 0.03231763619575251
0 0.6125651565245882 0.2100646352723915 0.2716706877550413 0.03970452446906741
1 0.8927255532719746 0.7760849492151435 0.18938581598308155 0.11172668513388663
