2 0.6526700825446196 0.014217075537480736 0.5612597068380903 0.020679382599971978
2 0.9150178608223589 0.03812761166869834 0.15905405372936102 0.02067938259997197
2 0.2751452308766533 0.06203814779991594 0.535664801640262 0.025849228249964974
2 0.574514211315537 0.1751285213935127 0.25320674070708626 0.016801998362477234
2 0.6613540682367399 0.21034809488408995 0.5182968302560215 0.01874069048122461
2 0.14397134173778375 0.26883197379963575 0.2824580609331757 0.02584922824996493
2 0.25732020761388014 0.42521980471192394 0.5054993776571074 0.01938692118747369
2 0.12843157786767376 0.5987327493398138 0.1014655170342476 0.0575145328561721
2 0.24817917004322723 0.5903317501585752 0.08683985692120295 0.03425022743120366
2 0.11686816534079777 0.6407377452459975 0.2209388780826815 0.018740690481224436
2 0.3935216674166089 0.6746648573240859 0.192875892740777 0.020679382599971773
2 0.1521982755513714 0.8907870106438979 0.29525551353208984 0.021971844012470286
2 0.1828207514130587 0.9146975467751156 0.35101584271307273 0.01938692118747383
1 0.1453424973733817 0.7221207963128765 0.2870285797185022 0.14087829396230903
1 0.06490136675163585 0.9605799269188033 0.11334886587609642 0.06462307062491249
1 0.09003922007093142 0.4911353367493345 0.1691091950570793 0.10598183582485632
1 0.4346563364845471 0.5664212140273575 0.15813994997229586 0.0665617627436599
0 0.16225341687908962 0.02520299754371586 0.3153657961875263 0.04265122661244222
0 0.4785333168236812 0.09661149058424408 0.936956350991926 0.03683515025620008
0 0.6389585261886402 0.06559241668428611 0.062159055480439915 0.027787920368712332
0 0.49955770323618304 0.1470174856716758 0.9863179538734519 0.03037284319370885
0 0.8482882865565924 0.24653701443404097 0.14991301615870825 0.03683515025620007
0 0.13300209665300022 0.23070436213093742 0.2586913632494781 0.034896458137452735
0 0.3053106548598081 0.2988817016402201 0.5996520646348327 0.0316653046062071
0 0.19790346340463608 0.33345504442454815 0.3848376817244886 0.0348964581374527
0 0.2637189339133372 0.3693208486213746 0.5128122077136297 0.03425022743120366
0 0.11791938466142288 0.400016807168208 0.21938490169567046 0.025849228249964894
2 0.20338808594702784 0.4562388786118818 0.03930646155380764 0.02067938259997199
2 0.20658744909675636 0.5056755276399398 0.040220565310872945 0.023910536131217554
0 0.3130805367948631 0.45785445537750463 0.15996815748642634 0.020033151893722873
0 0.30028308419594896 0.48144187615559764 0.15082711991577347 0.02455676683746674
0 0.3720402291255742 0.5079373351118078 0.2833721646902418 0.02197184401247013
0 0.6161059322620079 0.4565619939650064 0.07312830056522351 0.02520299754371585
0 0.5923392345783103 0.6746228394035657 0.17367971384240577 0.023910536131217696
0 0.5950815458495061 0.7163047199566344 0.38026716293916224 0.04782107226243525
2 0.3464453239277463 0.7140429124847624 0.10055141327718232 0.022618074718719187
2 0.5370359572758601 0.5047061815805661 0.030165423983154725 0.015509536949979008
0 0.37752485166796623 0.7512431960146071 0.1645386762717528 0.0213256133062211
0 0.3670126584617154 0.7819391545614406 0.13071683726033698 0.036188919549951064
0 0.1288886297462064 0.8190974201707651 0.23583876932284575 0.031665304606206916
0 0.15402648306550196 0.8585174932519618 0.20018872279729927 0.025202997543715924
0 0.43099992145628596 0.8255597272332564 0.23675287307991108 0.03942007308119656
0 0.6334739036462458 0.8875558571126505 0.6234187623185278 0.03877384237494647
0 0.3354760788429627 0.9399005443188314 0.39489282305220674 0.021971844012470286
0 0.3130805367948618 0.9663960032750443 0.14899891240164242 0.02326430542496861
2 0.5498334098747741 0.9660728879219208 0.2879426834755675 0.02261807471871947
2 0.8418895602571353 0.9631648497437998 0.0383923577967424 0.014217075537480639
0 0.7564208589715303 0.96671911862817 0.11426296963316177 0.02391053613121784
0 0.9136467051867609 0.9615492729781769 0.09049627194946425 0.02132561330622096
2 0.3235927300011131 0.11858333459671425 0.24315159937936745 0.021325613306220875
0 0.7103865937657226 0.6393214143317352 0.0781924353793653 0.01587788845254103
2 0.47289786716137383 0.6399094842744217 0.37182998526144945 0.01823016822328782
0 0.255789083820796 0.6390273793603918 0.05406923723041217 0.019994378051347964
