2 0.16649480794507648 0.02153129729801167 0.32757515059112613 0.035407022223396964
2 0.15228183653513094 0.06172305225430011 0.299149207771235 0.035407022223396964
2 0.13536163247567193 0.10287175375716685 0.27072326495134386 0.037320915316553564
1 0.3417881220010716 0.10287175375716685 0.13130078350140173 0.043062594596023324
0 0.1021980325191323 0.1430635087134553 0.16378757529556304 0.03923480840971015
0 0.23011477520864232 0.14210656216687703 0.059559118289295616 0.03349312913024034
0 0.1021980325191323 0.1875615231293461 0.14754417939848238 0.044019541142601606
0 0.1563426822442354 0.23732274366460993 0.30727091225010605 0.040191755182674135
0 0.14145296797522233 0.27703602580038006 0.26666254005336404 0.03732091644847958
0 0.38239674235039417 0.2765575526968791 0.20981079155053434 0.055502901173045016
2 0.6883139011387918 0.2794283916008625 0.34246493016345 0.03253618258366206
2 0.3519401921940984 0.3229694594701751 0.19492085525026462 0.027751449850770563
2 0.35329384117051055 0.35837648169357195 0.20304248789549437 0.029665342943927208
0 0.1610803426460496 0.3224909861968859 0.18409182016691383 0.02296671711787912
0 0.16040353448367128 0.35550564205383706 0.18003097119264372 0.03157923603708376
2 0.029102750982269464 0.31962014655715104 0.052791036665512055 0.03062228949050553
0 0.12453270187761818 0.4086161753889326 0.24906540375523636 0.06507236516732419
2 0.5096365462709048 0.393783503916969 0.41285297905079943 0.029665342943927087
0 0.41556021170031276 0.42631968650063107 0.24365093845620944 0.033493129130240364
0 0.12656312636475323 0.48373647929532887 0.2395900894819393 0.05454595315496292
0 0.13806886512518535 0.5354115933765199 0.2707232649513438 0.05071816810057574
0 0.7323064316933852 0.48804273875493115 0.4331572239221503 0.038277861863131764
2 0.46835124836582487 0.48612884566177456 0.08933867743394344 0.042105648049445034
0 0.1969511752521027 0.5832589201394717 0.3884878852051786 0.03923480840971024
2 0.6389069052851716 0.5808665537730259 0.48459464426290566 0.0363639687699753
1 0.19762798341448107 0.6976140324555782 0.38713426888042185 0.1894754162225027
2 0.32013026080496415 0.7244085357597703 0.16108034264604967 0.022966717117879086
2 0.6497358358832253 0.6287138811019407 0.47918017896387866 0.030622289490505494
2 0.5637811992611736 0.6569438042260006 0.29914920777123494 0.02392366366445728
2 0.2152249956363184 0.8172232096035456 0.4304499912726368 0.04401954114260164
0 0.10355164884388902 0.8636351171125928 0.1962743670897243 0.04114870150286691
0 0.2883202771731812 0.8679413765721951 0.16514119162031982 0.04976122042207152
0 0.1651411916203198 0.9468894666649047 0.3248679179416127 0.09473770811125135
