2 0.0394530243280314 0.016124792939086377 0.06657697855355299 0.025276702445054325
2 0.18370314452739625 0.020918650299355298 0.05671372247154517 0.02440509201591452
2 0.7668681603761104 0.055783067464947475 0.33041907874726306 0.02963475459075335
2 0.723716415017326 0.07757332819344258 0.13068814308660393 0.020918650299355298
2 0.80508825687594 0.11243774535903477 0.1652095810095336 0.03312119630731256
2 0.889542407896083 0.13553542173123956 0.18370314452739606 0.027019923303333967
2 0.30884320606787086 0.1586330981034444 0.6176864121357417 0.036607638023871764
2 0.04561755937928631 0.20134200913129477 0.07890604865606282 0.03486441716559217
2 0.36432402152916493 0.2684560121750597 0.0826047696868158 0.03137797544903293
2 0.131921050096855 0.3726134584572663 0.25397884411170213 0.033992806736452365
0 0.11650971246871773 0.01873962422650579 0.07027569958430593 0.02876314416161354
0 0.2995964034909885 0.01612479293908638 0.1627437253531295 0.027019923303333936
0 0.44877815173135716 0.019175429441075694 0.11835907298409416 0.027891533732473738
0 0.0733579671099334 0.05186082053381836 0.134386864117357 0.037479248453011586
0 0.36494047503429045 0.056654677894087284 0.43891489564934927 0.04183730059871061
0 0.3815847196726787 0.09849197849279788 0.09739965380982746 0.04881018403182904
0 0.6528242619278946 0.11548838186102409 0.12698942205585098 0.03747924845301158
1 0.1726069814351374 0.23141256893661805 0.22932070390668252 0.10372164106763673
1 0.4826830945132592 0.23620642629688696 0.34398105586002375 0.12376868093785223
0 0.16397663236338056 0.31900941706516833 0.31069256658324734 0.050553404890108664
0 0.5079576882234044 0.33121196307312567 0.3575430329727846 0.0592695091815067
0 0.34891268390102775 0.41968042163081576 0.6928937397610515 0.05665467789408723
0 0.10109837484058046 0.4711054369500643 0.04931628041003924 0.023533481586774697
0 0.19603221462990603 0.47546348909576325 0.11342744494309026 0.044452131886130036
0 0.32240518318063166 0.47807832038318265 0.11959197999434515 0.05142501531924836
0 0.45864140781336504 0.47154124216463417 0.14055139916861178 0.0348644171655922
2 0.03390494278190199 0.4689264108772147 0.050549187420290236 0.031377975449033
2 0.32363809019088263 0.5281959200587214 0.6300154822382515 0.0435805214569902
1 0.11774261947896872 0.6035902221793144 0.22315616885542763 0.0915190950596795
1 0.4050173650586406 0.6211252846597721 0.29221378581186913 0.13530532431199108
1 0.10849581690208636 0.7495849690602315 0.21452581978367075 0.12725512265441138
1 0.18123733050689428 0.9156267558113643 0.34274814884977284 0.10023519935107729
0 0.3082267525627453 0.7138489414654997 0.1109616309225883 0.0366076380238718
2 0.6053573420332318 0.7504565794893715 0.7348125781095848 0.038350858882151326
2 0.16397663236338056 0.8454621162656102 0.31069256658324734 0.036607638023871944
0 0.4746691989466278 0.8955797159411489 0.1528804692711217 0.033992806736452365
