0 0.2057872917914029 0.019006866478492795 0.406549252891929 0.03801373295698559
2 0.07688755957041425 0.05257974278162486 0.13467886251549682 0.027710945520045546
0 0.3306667594596899 0.05702059943547843 0.36182380974312556 0.0444085665385346
0 0.14347319122453117 0.09627777225554299 0.2758906549291335 0.04405329800622636
0 0.05502737106510039 0.13535731080945332 0.10000408074844729 0.02771094552004559
0 0.18870116744242185 0.14281794998792713 0.14422699082816265 0.0348163161662111
2 0.30076604184897343 0.11759388419403949 0.21659175277678788 0.013500204227714505
2 0.41056951744463027 0.14015343599561503 0.2964945107617281 0.027355676987737318
0 0.0778926257085896 0.17141706683874336 0.14673965617360105 0.027355676987737283
0 0.08040529105402797 0.19593059556801443 0.1417143254827243 0.0209608434061883
2 0.33418449094330394 0.19877274382648052 0.35981367746677534 0.027355676987737533
2 0.2301601456421553 0.22257573549113524 0.44926456376438173 0.03161889937543642
2 0.3789099340921071 0.24620109288963574 0.1306585979627955 0.02557933432619565
0 0.4927336742404652 0.2161809019095862 0.06382169977413475 0.020250306341571794
0 0.49223114117137756 0.23962862504193239 0.0778926257085896 0.023092454600037976
2 0.24322600543843464 0.273734404143527 0.4753962833569404 0.029487288181586885
2 0.11658767202834053 0.3009124468651101 0.22312468267492758 0.019184500744646976
2 0.0854306217449047 0.32542597559438113 0.15779538369352988 0.01918450074464687
0 0.3088065709543762 0.3021558867281891 0.13518139558458458 0.022381917535421392
0 0.22211961653675225 0.3247154385297646 0.10653701064658709 0.018473963680030323
2 0.4334347720881198 0.3261365126589977 0.3080527713507449 0.023447723132346242
2 0.13970419320637362 0.3488736987267274 0.2723729234455198 0.023447723132346283
0 0.37589473567758075 0.34993950432365223 0.19699296308236858 0.02060557487388003
1 0.5050457344331132 0.35509089804212224 0.047238108494241475 0.03375051056928626
2 0.0866869544176239 0.37605174144831055 0.1693536442825464 0.02806621405235383
0 0.2527741337511004 0.37409776452061505 0.1477447223117764 0.023447723132346283
0 0.37388460340123003 0.3801373295698558 0.06934956353409909 0.034105779101594534
0 0.4439879665389607 0.3783609869083143 0.054776104530556535 0.026289871390812392
0 0.09497875005757055 0.4089140806868261 0.17789670645703687 0.026289871390812392
0 0.1311611310318831 0.43698029473918 0.2542817329583634 0.03268470497236155
0 0.3349382905469352 0.43182890102071 0.06482676591231006 0.028066214052353756
0 0.4568025598006964 0.4140654744052961 0.1015116799557103 0.023802991664654483
0 0.5301723878874969 0.4407106143284169 0.2603121297874155 0.028776751116970443
0 0.5336901193711107 0.4753492962284739 0.2814185186890979 0.0397900756185269
0 0.15377511914082848 0.5094550753300683 0.2985046430380788 0.034105779101594534
2 0.3472503507395834 0.5066129270716021 0.048243174632416765 0.026289871390812534
0 0.14548332350088183 0.5426726831008922 0.2537791998892757 0.028066214052353756
2 0.3377022224269174 0.5362778495193435 0.06231410056687171 0.020250306341571548
0 0.10000408074844729 0.5748244852747925 0.166840978937108 0.027000408455429167
0 0.07713882610495808 0.6034236021256075 0.04673557542515374 0.030197825246203534
2 0.3407174208414435 0.5755350223394078 0.04120771166518935 0.018473963680030393
2 0.06407296630867855 0.6304240105810365 0.12111046965012964 0.021671380470805062
0 0.19523409734056166 0.6327332560410402 0.12010540351195427 0.02700040845542887
0 0.1429706581554435 0.6631087155533979 0.28091598562001024 0.03730319589236899
2 0.20553602525685896 0.6957934205257592 0.15277005300265314 0.020960843406188444
0 0.15679031755535452 0.7254583429735004 0.3065451721434816 0.035526853230827694
0 0.3464965511359518 0.7696892752458808 0.6889728377192021 0.0380137329569857
0 0.3326768917360411 0.8089464480659448 0.6653537834720822 0.041921686812376444
0 0.1726201092316163 0.8371902963844533 0.3452402184632326 0.01953976927695521
0 0.17613784071523 0.8664999502998861 0.25176906761292506 0.034105779101594826
0 0.17035871042072176 0.8968754098122438 0.247246269991136 0.038013732956985395
0 0.08744075402125542 0.9205007672107441 0.08643568788308005 0.02060557487387996
0 0.10176294649025415 0.9441261246092445 0.11809527123560358 0.02451352872927117
2 0.46107409088794155 0.8959872384814731 0.28996158086358825 0.026289871390812607
2 0.22061201732948924 0.9471459071338648 0.11658767202834057 0.022737186067729596
2 0.2486666950945775 0.9782851172599254 0.48627766266922623 0.03419278364011866
2 0.6568209770745105 0.9809931335215001 0.3105859482500241 0.0245135287292709
