2 0.09819185792059329 0.015387586529930523 0.18423626950049463 0.025049559467328758
2 0.1877792746831965 0.041868549395392335 0.3289933383937405 0.02218675267106261
2 0.3097598816876449 0.07765363434871916 0.19233456706095597 0.022186752671062616
2 0.6007924502667228 0.11057591250577978 0.3046984457123566 0.02648096286546183
2 0.21258031096210922 0.20111217743769663 0.40491487802306514 0.028628067962661458
2 0.03796076981466235 0.3696599275678658 0.06984781645897872 0.022186752671062637
2 0.13260962255255385 0.6126406544009548 0.25104722437430044 0.022902454370129135
2 0.1817055515128505 0.5743506135008951 0.03947920060724883 0.013598332282263996
2 0.7359327908069208 0.6144299086486211 0.17613797194003325 0.02361815606919571
2 0.3198827536382214 0.6559406071944793 0.29153871217660676 0.017892542476663338
2 0.06326794969110393 0.6802744649627425 0.12046217621186188 0.019323945874796494
1 0.10224100670082396 0.11487012270017903 0.19638371584118663 0.10377674636464777
0 0.3340547743690287 0.11057591250577971 0.17411339754991798 0.03936359344865948
0 0.33759777955173026 0.1603171805909037 0.17512568474497525 0.04294210194399207
0 0.5005760179560143 0.2036171333844295 0.15083079206359173 0.03936359344865949
0 0.6549498152023078 0.20039647573863006 0.08908127316507414 0.031490874758927596
0 0.18980384907331177 0.25300055062002025 0.3735339749762776 0.05510903082812322
0 0.28445270181120175 0.312403791642542 0.5608071060619423 0.05654043422625487
0 0.266231532300165 0.36930207671833204 0.36442339022075837 0.05153052233279003
0 0.17563182834250443 0.4079499684679252 0.34114078473443227 0.021471050971996104
0 0.3340547743690287 0.44266150087265244 0.6579866767874808 0.042226400244925584
0 0.10831472987116979 0.4873928570643106 0.20245743901153232 0.042942101943992034
0 0.09717957072553565 0.5328399149550361 0.18423626950049468 0.04079499684679256
0 0.10730244267611226 0.5711299558550957 0.08705669877495902 0.02003964757386285
0 0.37707698015897906 0.570056403306496 0.31684589205304825 0.047952013837457716
0 0.4494555146056017 0.6194398205420868 0.3522759438800664 0.04508920704119152
2 0.02480103627891274 0.5718456575541622 0.03340547743690287 0.018608244175729923
0 0.10527786828599695 0.6545092037963472 0.09717957072553564 0.025049559467328775
0 0.2682561066902806 0.6867157802543414 0.27534211705568423 0.03650078665239326
0 0.4929838639930799 0.6863579294048062 0.1417202073080723 0.040079295147726075
0 0.27179911187298245 0.731089285596467 0.5274016286250423 0.04508920704119175
2 0.027331754266556894 0.6545092037963471 0.04251606219242184 0.020755349272929352
2 0.5704238344149931 0.7786834485843912 0.05567579572817159 0.018608244175729993
