0 0.16161622038622664 0.027614617184934763 0.29784257232419775 0.055229234369869526
0 0.19188887652157707 0.09423488152075699 0.35252942129690373 0.05453887089702421
0 0.328604585609562 0.15429667624673632 0.28417176933218563 0.05453887326516448
0 0.594708621031227 0.19606378288271598 0.21679033476015178 0.04832558028799333
2 0.0937471717881737 0.15809368408500687 0.164057550629304 0.05108704201873584
2 0.8322392843223205 0.04017606586219184 0.3207720458541266 0.03928326439858758
2 0.8783344798879726 0.07410252147915385 0.10734497597480612 0.01785602927208525
2 0.8928576236963288 0.08883374562862417 0.101030565623347 0.009820816099646894
2 0.8941205057666207 0.10088656538728175 0.08840174492042863 0.007142411708834118
2 0.813927494303089 0.1468658407629013 0.2058497774575693 0.02053443366289802
2 0.8960148288720583 0.18570270442968678 0.1578602587864796 0.024998440980919377
0 0.7229999852420766 0.12409940344099259 0.07198427800663466 0.021427235126502284
0 0.8953833878369126 0.12186740031000794 0.14396855601326936 0.029462449354992665
0 0.7476261856127675 0.0861553412378114 0.12628820702918375 0.04731847757102596
2 0.239947593355449 0.1982019249201464 0.47231789428914694 0.028569646835336436
2 0.4022279393879501 0.2285571746826914 0.17301484362998157 0.01785602927208526
2 0.16985763845425209 0.24909160834558944 0.33213798448675314 0.03571205854417052
2 0.21026986470359088 0.2812324610353429 0.4154882011260144 0.023212838053710882
2 0.17175196155968991 0.3102485087608893 0.33845239483821243 0.02410563983413059
2 0.18501222329775402 0.3370325521409912 0.35992139003317336 0.029462447559704126
1 0.10797641700995207 0.39908225423110566 0.20584977745756944 0.08928014636042633
2 0.25762794233953473 0.3789942213000097 0.08082445249867753 0.024105639517315182
0 0.3712873286658001 0.3781014198364055 0.12881397116976737 0.02767684537173224
2 0.4678978070431256 0.40711746740354404 0.5064157101870266 0.021427235126502353
2 0.12502532495889185 0.45622154790177855 0.23994759335544902 0.019641632199293754
0 0.0580925752334245 0.48791599985972994 0.11113362218568165 0.02946244829894077
0 0.19700960296552658 0.48925520205513623 0.1641746691379388 0.03214085268975339
2 0.20395545435213167 0.5276456649901196 0.39528208800134496 0.026784043908127872
0 0.05682969316313267 0.5575545140208624 0.09850480148276329 0.02589124244452371
2 0.4786323046406062 0.5593401169480708 0.7451004214721837 0.029462448298940628
2 0.2910943172022684 0.6129082047643267 0.5695598137016185 0.03303365415335769
2 0.14207423290783167 0.6477274618448929 0.27151964511274496 0.02767684537173217
2 0.10039912458820105 0.6843323218526678 0.18311790019231636 0.03481925708056622
2 0.09661047837732553 0.725847589910266 0.17806637191114902 0.03571205854417045
2 0.22668733161738477 0.773612468213094 0.43316855011010014 0.03839046293498328
2 0.5247275062988552 0.6508522669675076 0.19574686711754974 0.032140852689753495
2 0.8587598077984491 0.6504058662357057 0.17427772570027344 0.02767684537173217
2 0.5802943112990991 0.8392333757880074 0.3346637486273369 0.02856964683533647
0 0.32582370817241596 0.6499594670879811 0.0884020129946726 0.03749766463953561
0 0.4034908214582419 0.6508522669675078 0.04925240074138159 0.02499844098091927
0 0.26267947062070207 0.6834395200722478 0.13133973531035106 0.03839046293498328
0 0.3447668265137591 0.7258475898046605 0.28541139053413045 0.03928326460979771
0 0.7027938721174073 0.650852266967508 0.10987074011538979 0.046425676107421765
0 0.3479240103654011 0.8066461223664518 0.12755108909947555 0.024105639517315182
0 0.47673798153516844 0.8057533209028475 0.11239650425597354 0.018748830735689524
0 0.34350392311937966 0.8387869750562053 0.11871091460743269 0.0294624482989407
1 0.14459999704841536 0.8669102211597397 0.27404540925332865 0.14820504295830772
