2 0.16871172662428602 0.014170893641517414 0.28174301541877467 0.017319981117410174
2 0.22828979510216843 0.041725409055579 0.4454435026383774 0.020469068593302817
1 0.0991111793370393 0.10352625076997445 0.14922357338385694 0.08896172119397043
1 0.12750820263023596 0.30546148516159705 0.20156318494386646 0.1007707992285681
1 0.1074632450115089 0.1905197922915119 0.15924605219322047 0.08030173063526533
1 0.3507867583277234 0.3086105726374903 0.15590522592343262 0.10549443044240743
1 0.12082655009066029 0.4333931638697409 0.1926543148910989 0.08738717745602408
1 0.4092512180490106 0.43575497947666053 0.23719866515493673 0.09211080866986315
1 0.7149368217345976 0.43772315914909266 0.21381288126642098 0.09762171175267537
1 0.32016251752133484 0.18697706888113252 0.21047205499663404 0.10628170231138061
1 0.14978037776215494 0.5388875943121484 0.28619745044515854 0.10313261483548786
1 0.12194015884725594 0.9370182504821419 0.21269927250982537 0.12123986782187074
2 0.2305170126153611 0.37316686589329195 0.3763997597294302 0.022043612331249348
2 0.5094760061426459 0.11179260539419293 0.5757357271601048 0.018894524855356545
0 0.2683797103396233 0.07636537129039939 0.16035966094981646 0.02361815606919569
0 0.42372813188475805 0.07675900722488599 0.11247448441619064 0.0228308842002225
2 0.6820853634150168 0.18579616107767247 0.4220577187498637 0.04408722466249849
2 0.47217011279668164 0.27593879007510297 0.11136087565959471 0.0212563404622761
2 0.7138232129780022 0.2798751494199688 0.2472211439643002 0.02440542793816891
2 0.8006846959924856 0.32160055847554725 0.33853706200516703 0.04172540905557891
2 0.1353034639264076 0.6144656937335745 0.25056197023408816 0.019681796724329813
0 0.09242952679746365 0.6404456654096898 0.1737229660289678 0.021256340462276244
0 0.08853189614937783 0.6687874526927245 0.16815492224598805 0.02125634046227603
2 0.08185024360980213 0.69476742436884 0.1436555296008772 0.02125634046227617
0 0.275618167257497 0.6963419681067863 0.20824483748344214 0.01968179672432967
2 0.39421749983496457 0.9177300896923001 0.30735601682048075 0.019681796724329237
0 0.6252913168286226 0.9177300896923002 0.1347466595481093 0.019681796724328373
2 0.3274009744392085 0.863801966667638 0.17372296602896772 0.015745437379463708
0 0.11525850630768054 0.8614401510607184 0.21047205499663404 0.022043612331249136
2 0.24332351331621452 0.7264230255318164 0.2639252753132395 0.01968179672432967
2 0.2360850563983408 0.7539775409458781 0.08463426550129195 0.0165327092484371
2 0.10634963625491296 0.7779893329495603 0.20156318494386646 0.02046906859330278
0 0.4187168924800762 0.7811384204254531 0.3986719348613491 0.023618156069195775
0 0.12416737636044811 0.812235659249894 0.12583778949534202 0.02125634046227603
0 0.3468891276796376 0.8212892857430856 0.2906518854715423 0.05195994335223062
0 0.048441980911923706 0.7244548458593835 0.08574787425788793 0.02046906859330292
0 0.049555589668519646 0.7508284534699853 0.08352065674469604 0.02283088420022267
0 0.31125364746856726 0.6136784218646014 0.06347569912596902 0.02125634046227596
2 0.027283414536600707 0.8106611155119477 0.038976306480858154 0.018107252986383316
