2 0.31627220222874264 0.013028762885341421 0.6230324585257938 0.023535829728358694
2 0.12424979373272033 0.03887614731916391 0.2401766347752106 0.02563724309696215
0 0.11325160624920205 0.06955678250077432 0.1777544895984851 0.02395611240207941
0 0.06063865531453337 0.10570109244075378 0.11414335118029811 0.04244855004578976
2 0.19231965680638768 0.10696194046191584 0.14208469235464194 0.03992685400346563
0 0.41614763451150355 0.06787565180589158 0.18429395242652297 0.024796677749520758
0 0.35996770385245047 0.1002374176823848 0.13138375318148898 0.03572402726625873
2 0.5032413894485539 0.10401996174587103 0.1408956991131805 0.03236176587649322
0 0.6801041341159428 0.06157141170008122 0.13078925656075824 0.024796677749520768
0 0.6322471561471198 0.09918671099808306 0.08739100324741564 0.04875279015160014
2 0.7481739971896101 0.1017084070404072 0.13732871938879598 0.032782048550213896
1 0.15248838321742939 0.20026469402790917 0.2930868340202444 0.13827299965410741
2 0.30735475291778197 0.1708449068674608 0.23898764153374913 0.042448550045790095
2 0.08352677521266606 0.28474151144576815 0.16110858421802493 0.02143441635975524
0 0.14624616869975693 0.3084874825109872 0.15456912138998702 0.019333002991151815
0 0.1301947599400275 0.33832755234515616 0.13792321600952687 0.027738656465565656
2 0.07995979548828173 0.3797253957066442 0.14802965856194908 0.02395611240207934
0 0.43873850609927073 0.3797253957066442 0.550503870796646 0.04160798469834845
2 0.03329181076092027 0.3082773411741268 0.05944966207307191 0.01891272031743106
2 0.03834503203713138 0.41334800960429957 0.06480013165964839 0.027318373791844906
2 0.038345032037131396 0.44003595938556345 0.06361113841818697 0.023535829728358736
0 0.1575416044936406 0.41544942297290305 0.16883704028752425 0.019753285664872423
0 0.14119294742354582 0.4398258180487031 0.13495073290587328 0.018912720317431065
2 0.1465434170101223 0.46630362649310664 0.2895198542958603 0.02647780844440362
0 0.4381440094785401 0.4549559943026479 0.27109045905320805 0.04581081143555529
2 0.7535244667761865 0.4614703757453185 0.3335126042299339 0.02185469903347587
2 0.09987543228276083 0.48857860820030324 0.18786093215090727 0.016391024275106927
0 0.2951675721928021 0.4936220002849515 0.17894348283994643 0.023115547054637985
2 0.177754489598485 0.5205200914030758 0.3412410602994328 0.027318373791844975
2 0.07252858772914775 0.5524615746058482 0.1272222768363739 0.02227498170719663
0 0.3819640788194871 0.558975956048519 0.4797587729296904 0.043709398066951836
0 0.6652417185976744 0.5045493498016896 0.45895139120411516 0.06682494512158976
0 0.76868413060482 0.5619179347645639 0.2508775739483636 0.043709398066951836
0 0.8849082199576757 0.5938594179673363 0.18132146932286944 0.045390528761834685
0 0.5454506495204349 0.6035259194629122 0.3251896515397035 0.039506571329744916
2 0.13792321600952687 0.6079388875369794 0.26395649960443934 0.027318373791844975
0 0.09957818397239547 0.6438730561400986 0.1658645571838707 0.04286883271951048
0 0.0897689897303386 0.6798072247432176 0.15813610111437132 0.0315212005290519
0 0.3721548845774303 0.6421919254452157 0.31270522250435834 0.03530374459253785
1 0.12216905556016279 0.7598710740870093 0.2419601246374027 0.11936027933667617
2 0.531479978933263 0.7140602626514538 0.5386139383820318 0.03110091785533129
0 0.3073547529177818 0.7422192017907403 0.1010644255242223 0.03026035250788979
0 0.4586541428937499 0.7829866211416473 0.3941512595444668 0.04454996341439326
2 0.36620991837012307 0.834618767890908 0.724096884050016 0.027318373791844833
2 0.023779864829228767 0.8583647389561271 0.039236776968227464 0.016811306948827678
0 0.1242497937327204 0.8585748802929873 0.13792321600952692 0.03236176587649313
0 0.14475992714793015 0.8909366461694807 0.18607744228871514 0.026477808444403478
0 0.16616180549423604 0.9237186947196941 0.3180556920909348 0.04581081143555536
2 0.809787626962142 0.15143120960295475 0.3317517052393292 0.024007386888273318
0 0.7549310457808357 0.17867036011080334 0.24816072439162418 0.024930747922437674
0 0.7660329729246714 0.2040627885503232 0.2860378875882405 0.02400738688827328
0 0.6798297739254757 0.23822714681440446 0.08750930807494114 0.022160664819944637
0 0.6759114466982397 0.26177285318559557 0.07706043546897803 0.023084025854108958
2 0.8652972626813212 0.23961218836565096 0.19461025228606318 0.021237303785780207
2 0.8150120632651237 0.2793167128347182 0.36832275936019987 0.021237303785780162
2 0.8169712268787417 0.30978762696214224 0.25991570607333275 0.028624192059095107
