2 0.14759032555922913 0.017082179132040624 0.2873439966639859 0.02123730378578024
2 0.1012234533702678 0.04478301015697138 0.1998346885890448 0.021237303785780242
1 0.09534596252941352 0.10941828254847646 0.18546748875584548 0.09879963065558633
0 0.18873276144520892 0.07294552169898431 0.10840705328686744 0.01662049861495846
2 0.42970988592023346 0.048014773776546636 0.22726297917969793 0.02216066481994459
0 0.587096029547553 0.05032317636195753 0.06661156286301484 0.0286241920590951
0 0.3624452685193458 0.0752539242843952 0.09012152622643192 0.0156971375807941
2 0.45191374020790515 0.07894736842105261 0.07836654454472339 0.023084025854108948
0 0.3853021773448902 0.10387811634349031 0.11754981681708515 0.024930747922437674
0 0.5276680666011377 0.10249307479224377 0.09142763530217735 0.024007386888273335
0 0.41730184970065226 0.13804247460757157 0.1998346885890448 0.024930747922437692
0 0.6256262472820421 0.13896583564173592 0.15934530724093762 0.028624192059095107
0 0.4493015220564143 0.18097876269621424 0.2690584696035504 0.035087719298245584
0 0.7000744645995293 0.1814404432132964 0.16718196169540994 0.03416435826408122
2 0.6863603193042027 0.2229916897506925 0.30171119649718525 0.01939058171745156
2 0.8176242814166145 0.2456140350877193 0.2690584696035505 0.0184672206832872
0 0.04244854496172519 0.24792243767313019 0.06661156286301492 0.03231763619575251
2 0.22922214279331604 0.24607571560480146 0.2938745420427129 0.023084025854108924
0 0.08032570815834152 0.2848568790397045 0.14759032555922913 0.02493074792243764
0 0.24228323355076994 0.2839335180055402 0.09273374437792277 0.030470914127423823
0 0.07706043546897803 0.322253000923361 0.14367199833199296 0.02216066481994453
0 0.11820287135495784 0.35180055401662047 0.21812021564948023 0.03508771929824569
0 0.34938417776189196 0.3508771929824562 0.18677359783159084 0.03693444136657433
2 0.7248905370386918 0.31071098799630653 0.41273046793554335 0.023084025854108924
2 0.16914112530902806 0.4053554939981533 0.327833378012093 0.024007386888273318
0 0.14171283471837484 0.43628808864265933 0.2285690882554433 0.023084025854108958
0 0.34350668692103775 0.43536472760849493 0.0940398534536681 0.024930747922437674
2 0.48783173979090333 0.433056325023084 0.1266925803473029 0.02216066481994453
0 0.6217079200548059 0.43444136657433063 0.10710094421112203 0.024930747922437674
0 0.17305945253626423 0.4764542936288088 0.3382822506180561 0.029547553093259467
2 0.6955030828344205 0.4750692520775624 0.5159130849194293 0.024930747922437674
0 0.05681574479492449 0.5180055401662049 0.05355047210556101 0.020313942751615813
2 0.19461025228606318 0.5193905817174516 0.21420188842224405 0.021237303785780242
2 0.1515086527864653 0.5729455216989843 0.2925684329669675 0.019390581717451526
0 0.03591799958299824 0.6038781163434903 0.07183599916599648 0.03878116343490312
2 0.1795899979149912 0.6043397968605722 0.22334465195246178 0.026777469990766304
0 0.3820369046555267 0.6043397968605725 0.17632472522562773 0.032317636195752474
0 0.6086468292973519 0.6015697137580794 0.17240639799839153 0.030470914127423823
2 0.0411424358859798 0.6435826408125577 0.07967265362046883 0.02770083102493082
0 0.19330414321031783 0.6435826408125577 0.2063652339677717 0.031394275161588256
0 0.4003224317159622 0.6500461680517082 0.12146814404432128 0.04432132963988927
0 0.04440770857534328 0.6966759002770084 0.06269323563577875 0.03231763619575233
1 0.1750186161498823 0.693444136657433 0.1854674887558454 0.059095106186518934
0 0.11167232597623089 0.7377654662973222 0.15803919816519224 0.027700831024930893
2 0.2847317785124951 0.7396121883656509 0.1776308343013731 0.0221606648199446
0 0.10840705328686742 0.7682363804247462 0.15412087093795607 0.029547553093259325
2 0.516566139457302 0.7728531855955678 0.6517484287969499 0.027700831024930893
2 0.048326035802579444 0.8037857802400739 0.083590980847705 0.024930747922437605
0 0.2932214875048402 0.8088642659279779 0.387914395496381 0.033240997229917045
2 0.10644788967324934 0.8439519852262234 0.19983468858904477 0.03139427516158819
0 0.39705715902659877 0.8485687903970452 0.3683227593602002 0.03139427516158804
0 0.3461189050725285 0.8882733148661126 0.679176719387603 0.03878116343490305
2 0.8208895541059779 0.884118190212373 0.26514014237631445 0.036011080332410045
2 0.8842358442796293 0.9039704524469068 0.0653054537872697 0.018467220683287166
0 0.060081017484287964 0.9270544783010157 0.11232538051410358 0.02770083102493075
2 0.4166487951627796 0.9270544783010157 0.585136865933935 0.02954755309325961
0 0.8078284633485241 0.9307479224376732 0.18416137968010018 0.03324099722991676
2 0.4120774133976707 0.9626038781163434 0.8084815178863967 0.03416435826408133
